Classifier,Fold,Repeat,y_val,y_pred,y_prob
SVM,1,1,"[4.0, 3.0, 4.0, 5.0, 4.0, 5.0, 4.0, 3.0, 3.0, 4.0, 4.0, 2.0, 4.0, 2.0, 3.0, 4.0, 5.0, 5.0, 4.0, 5.0, 5.0, 4.0, 2.0, 4.0, 4.0, 4.0, 4.0, 4.0, 4.0, 4.0, 1.0, 4.0, 5.0, 4.0, 4.0, 3.0, 3.0, 3.0, 4.0, 4.0, 5.0, 4.0, 4.0, 3.0, 5.0, 5.0, 4.0, 4.0, 4.0, 5.0, 5.0, 3.0, 5.0, 4.0, 4.0, 3.0, 4.0, 4.0, 2.0, 4.0, 4.0, 4.0, 4.0, 5.0, 4.0, 3.0, 4.0, 3.0, 3.0, 4.0, 3.0, 4.0, 4.0, 4.0, 5.0, 3.0, 4.0, 5.0, 2.0, 2.0, 2.0, 4.0, 3.0, 3.0, 3.0, 1.0, 2.0, 4.0, 3.0, 4.0, 3.0, 4.0, 3.0, 4.0, 4.0, 5.0, 3.0, 4.0, 4.0, 3.0, 4.0, 4.0, 4.0, 3.0, 3.0, 3.0, 3.0, 5.0, 4.0, 4.0, 4.0, 3.0, 5.0, 4.0, 4.0, 4.0, 5.0, 3.0, 3.0, 4.0, 4.0, 4.0, 4.0, 3.0, 4.0, 3.0, 4.0, 2.0, 5.0, 2.0, 4.0, 3.0, 3.0, 4.0, 4.0, 3.0, 4.0, 3.0, 3.0, 1.0, 4.0, 5.0, 2.0, 4.0]","[4.0, 1.0, 2.0, 3.0, 2.0, 5.0, 4.0, 4.0, 3.0, 4.0, 4.0, 2.0, 4.0, 2.0, 3.0, 3.0, 5.0, 5.0, 4.0, 5.0, 5.0, 3.0, 3.0, 3.0, 4.0, 4.0, 4.0, 4.0, 5.0, 4.0, 2.0, 5.0, 5.0, 4.0, 4.0, 2.0, 3.0, 1.0, 5.0, 3.0, 5.0, 4.0, 2.0, 4.0, 5.0, 3.0, 4.0, 4.0, 4.0, 5.0, 3.0, 4.0, 5.0, 4.0, 4.0, 3.0, 4.0, 4.0, 2.0, 4.0, 4.0, 4.0, 4.0, 3.0, 4.0, 3.0, 4.0, 1.0, 3.0, 4.0, 2.0, 4.0, 4.0, 4.0, 5.0, 3.0, 3.0, 5.0, 3.0, 2.0, 3.0, 4.0, 3.0, 3.0, 4.0, 3.0, 2.0, 4.0, 3.0, 4.0, 3.0, 4.0, 2.0, 4.0, 4.0, 5.0, 3.0, 4.0, 3.0, 4.0, 3.0, 4.0, 4.0, 3.0, 2.0, 1.0, 3.0, 5.0, 4.0, 5.0, 4.0, 1.0, 5.0, 4.0, 4.0, 4.0, 5.0, 2.0, 3.0, 5.0, 4.0, 4.0, 3.0, 3.0, 5.0, 4.0, 4.0, 3.0, 5.0, 2.0, 4.0, 3.0, 1.0, 4.0, 5.0, 4.0, 4.0, 3.0, 4.0, 3.0, 4.0, 5.0, 4.0, 4.0]","[[0.0028862328492881718, 0.0022709855271065126, 0.0148952256459123, 0.9002106593788043, 0.07973689659888898], [0.10721730910259222, 0.09223494593240605, 0.2824301875133479, 0.35137048378776026, 0.16674707366389374], [0.0122494100974111, 0.11434913463077655, 0.7139402535113616, 0.13977805692683914, 0.019683144833612134], [0.03571402893173241, 0.0525029183508386, 0.35290042194455357, 0.4641890065407772, 0.09469362423209803], [0.07146928689961904, 0.2798576222947297, 0.5419556023969339, 0.09578071173199512, 0.010936776676722115], [0.007124798083394938, 0.003067611270647299, 0.009250396887738486, 0.29267313125132044, 0.6878840625068992], [0.0025564615382981373, 0.0015510845586052307, 0.011292257127406061, 0.9306221666793899, 0.05397803009630067], [0.0024907248505443152, 0.003595783351058788, 0.11452049622231049, 0.8351360699736237, 0.044256925602462804], [0.04832273916722082, 0.11178392345167154, 0.7849237367610948, 0.04705075083591715, 0.0079188497840957], [0.0018840976687014106, 0.0010213334203777544, 0.009247954476530606, 0.9674753471590143, 0.020371267275375783], [0.004274836567131698, 0.010741560548895336, 0.16421216063334337, 0.7114527173605905, 0.10931872489003931], [0.10652450319146763, 0.28094033434762555, 0.5572845736970993, 0.043555238480043064, 0.011695350283764155], [0.002075290441260668, 0.001743230294763547, 0.041806961652475945, 0.934793579426168, 0.019580938185331978], [0.10815025571582552, 0.181069597767563, 0.6427910760478487, 0.054564514503422284, 0.013424555965340373], [0.008709041374828315, 0.04712535926886015, 0.5154201352261653, 0.26655871677698567, 0.16218674735316088], [0.004035502583403493, 0.007902108911296293, 0.41130695879710966, 0.5657577952069077, 0.0109976345012831], [0.008349693374632495, 0.022911232295973513, 0.14437776151970744, 0.3793263472273702, 0.445034965582317], [0.01903347406152728, 0.013669507023485935, 0.03650197053040388, 0.38149716451271465, 0.5492978838718684], [0.0020043836131965155, 0.0012980755280374468, 0.011431391189531242, 0.9544421109038697, 0.03082403876536533], [0.01043479847565945, 0.005244389678066023, 0.01960011725341503, 0.18046789489530085, 0.7842527996975588], [0.005334003087566063, 0.002701753762987207, 0.007854379217352462, 0.6566428156280342, 0.3274670483040601], [0.00546003460319891, 0.02272714672106814, 0.6617107683831505, 0.28055800519194257, 0.02954404510064017], [0.08265550289351548, 0.1524452368561421, 0.7025519813985682, 0.052555156427630166, 0.009792122424144317], [0.014523156456431213, 0.03828418657969352, 0.5205218588008188, 0.24080120434619212, 0.18586959381686452], [0.002176356675779563, 0.0012624611631277475, 0.022818019906396644, 0.9659549559785012, 0.007788206276194746], [0.002421895803094734, 0.002755880798326457, 0.08013871404092511, 0.9016686758079159, 0.013014833549737648], [0.0032172313205153912, 0.006367217370579204, 0.18812376324583582, 0.788315009366087, 0.013976778696982536], [0.01322821113899418, 0.017286389231045373, 0.08161628300594963, 0.8333911493683562, 0.054477967255654826], [0.009633815269165704, 0.005874398780104039, 0.05604245742285326, 0.6701338745606106, 0.25831545396726635], [0.003658780402222037, 0.006528688491945486, 0.17277296147853027, 0.6952893699983075, 0.12175019962899508], [0.1352372236184891, 0.24551487002074313, 0.5206998870493377, 0.07532030079999877, 0.023227718511431728], [0.010442443156243406, 0.0064223889002361124, 0.00967257704787169, 0.34534397113308263, 0.6281186197625662], [0.006862988778912724, 0.0037760501607231093, 0.011180549143011368, 0.4115256195034886, 0.5666547924138642], [0.0020894670927709986, 0.0013550444562632135, 0.013749196155575072, 0.9750892480982862, 0.007717044197104231], [0.0023071815110515606, 0.0017132142631481346, 0.038898423464101745, 0.9394405348993426, 0.0176406458623559], [0.05786775086896972, 0.17449372473031494, 0.6404335280649396, 0.11014053838044152, 0.01706445795533411], [0.05148270488008871, 0.1487938179764906, 0.7533722620790447, 0.037305533911606056, 0.009045681152769701], [0.09107347024977981, 0.11374579302723292, 0.7250054739593857, 0.05990658331504964, 0.010268679448551568], [0.007573441158270867, 0.0048478424925242495, 0.03534120382863747, 0.21008073194732368, 0.7421567805732437], [0.03514155987885767, 0.05033516348370753, 0.35231611065189383, 0.46717183307477733, 0.09503533291076353], [0.00879782361984375, 0.007069728863877047, 0.00901709222765051, 0.052863236370086275, 0.9222521189185423], [0.003905307677233356, 0.0038493404615005523, 0.017988221556322456, 0.9030977767898775, 0.07115935351506628], [0.04239323416591634, 0.1511154103532711, 0.3631367270771656, 0.32374828167347414, 0.11960634673017263], [0.003078725409012647, 0.004680815722574492, 0.17277824076071463, 0.7971710012603702, 0.022291216847328037], [0.006262100328764404, 0.005286814071730518, 0.030367127413324098, 0.3374112733304316, 0.6206726848557491], [0.026082123897735964, 0.020166925766971464, 0.4853006256606258, 0.3768359296688686, 0.0916143950057983], [0.00685118570168586, 0.011733289725786515, 0.08500334316176046, 0.7946217341566658, 0.10179044725410111], [0.002730837987178855, 0.002386158422563362, 0.030825495562109156, 0.9331987809945368, 0.03085872703361189], [0.0027199231304389053, 0.002365768617770075, 0.01146294378964421, 0.9672231045643618, 0.01622825989778506], [0.0077929157471127, 0.0053322599301838716, 0.01891123372053785, 0.0906197180992883, 0.877343872502877], [0.008387206505012972, 0.023485166817069948, 0.5615208051135406, 0.389757229825662, 0.016849591738714323], [0.0033334677251344335, 0.00570009768945665, 0.22524232479077608, 0.7454563591592902, 0.020267750635342842], [0.005263547636201545, 0.002975195421284175, 0.013073955884505042, 0.49350909924267294, 0.4851782018153362], [0.0024444969823956574, 0.0012314203362108896, 0.012144102540676847, 0.9552004980651889, 0.0289794820755277], [0.002239745547274601, 0.0020162253781719343, 0.030980442895033752, 0.9248920156620483, 0.039871570517471026], [0.015864585260369015, 0.06562044740455236, 0.8563960895562656, 0.05125220860976743, 0.010866669169045533], [0.002614309868319015, 0.0016082838613857718, 0.0073792851479423625, 0.915329602446792, 0.073068518675561], [0.005493599068996719, 0.009933295827686404, 0.1859769608808213, 0.7759739005655778, 0.022622243656917732], [0.11665491615206028, 0.29188229311588626, 0.4919710692172015, 0.07812817758832269, 0.02136354392652891], [0.0030569041336827845, 0.004290826026926055, 0.0481890494680402, 0.89305372187476, 0.051409498496591016], [0.002539205064161663, 0.0024577603618015837, 0.00863559980205722, 0.9483173685272525, 0.038050066244727024], [0.002625753850068595, 0.0019834110240462954, 0.011749704293372557, 0.9323676183708722, 0.05127351246164012], [0.0020198493181913676, 0.0014510881191951274, 0.021959310728483828, 0.9571841958053869, 0.017385556028742602], [0.011103094449483106, 0.08374380098261841, 0.7421186377792767, 0.14591586328668146, 0.017118603501940513], [0.005352679084195004, 0.011812801740839906, 0.2455465042219321, 0.6960517650516295, 0.041236249901403337], [0.00915330830032845, 0.03309518549105787, 0.45947697033437984, 0.41659634210732926, 0.0816781937669045], [0.002117075593087881, 0.0017841957479426069, 0.04255141284915985, 0.9179438075355407, 0.03560350827426907], [0.06811128870722227, 0.10220799676442134, 0.6287276315905685, 0.1453686009435801, 0.055584481994207846], [0.007308406797198566, 0.043192788514241666, 0.6866000303019013, 0.24217881455467985, 0.02071995983197869], [0.0035511304552324464, 0.0016683941887926882, 0.010015855171214066, 0.7854922144795301, 0.19927240570523055], [0.06135466331712757, 0.19692855245370794, 0.6646493465297321, 0.054482962533198925, 0.02258447516623336], [0.0020463015011509002, 0.0011704525995670405, 0.009379389562671165, 0.9763580589735202, 0.011045797363090576], [0.004089335840948598, 0.004166817311317087, 0.016802088332507063, 0.9133869903295312, 0.06155476818569602], [0.0039074880699202326, 0.00361425071729332, 0.02944004064397757, 0.7689831978606678, 0.19405502270814107], [0.006044980054448915, 0.0034627564031438807, 0.014798476973566796, 0.40292380613897183, 0.5727699804298685], [0.02914768293980155, 0.03256703395610478, 0.37910437815429254, 0.3893663685435187, 0.16981453640628244], [0.008820767763253546, 0.02622522949244035, 0.7438642725859136, 0.21488033937505213, 0.0062093907833406835], [0.017222197142081674, 0.08725817492076392, 0.4099737371416722, 0.24659510724452954, 0.23895078355095276], [0.006886705940028191, 0.034007871123221865, 0.8537721793976343, 0.09546576402454346, 0.009867479514572272], [0.09002078445253613, 0.25288663251745946, 0.5954814362518925, 0.04979675374664488, 0.01181439303146727], [0.005475251262738098, 0.02956016632946125, 0.8084043413955847, 0.1461037208265414, 0.010456520185674374], [0.005288409145171197, 0.010756123249797713, 0.12308370619725306, 0.8153954664951064, 0.045476294912671515], [0.004073958208758521, 0.012211112836262956, 0.36898749519975055, 0.5925478190513314, 0.02217961470389678], [0.05812801723268492, 0.11227879640786399, 0.7406261020683668, 0.0788993084294916, 0.010067775861593038], [0.0022213494367062402, 0.0018239338772375296, 0.027458790230706288, 0.9284566699026012, 0.0400392565527487], [0.0341149263545535, 0.06436522705115297, 0.4621598470739647, 0.3636783386186847, 0.07568166090164394], [0.018934806327075376, 0.1463120937191824, 0.6108926568683379, 0.19169299797870007, 0.03216744510670407], [0.0031288637002820467, 0.0038533265939944225, 0.05406994384270255, 0.9237238726460744, 0.015223993216946684], [0.011309208569397416, 0.04555397589392758, 0.8048809885719506, 0.12830489336543843, 0.009950933599286246], [0.0022110453023022987, 0.0013756517767381285, 0.01442619497055089, 0.9636877355605546, 0.01829937238985427], [0.016408918710363953, 0.05147816664267822, 0.8365877865832626, 0.08732705486705863, 0.008198073196636742], [0.004381780033818739, 0.002750215346787737, 0.01618159758048738, 0.8584990770553381, 0.11818732998356783], [0.04598832091445457, 0.24038987651982374, 0.645759195323189, 0.05405427412904932, 0.013808333113483456], [0.0021213134458339775, 0.001702578856662916, 0.0229478890145763, 0.9401039640448042, 0.03312425463812284], [0.002705087082027219, 0.001379318052915009, 0.00989179317160249, 0.968802211563448, 0.017221590130007146], [0.009362337424566656, 0.005787002560995659, 0.03910542006923653, 0.1565535759551365, 0.7891916639900642], [0.017119745981254347, 0.0317568968494758, 0.5106289247835454, 0.26850797310268704, 0.17198645928303757], [0.002183022364342882, 0.003072886224091276, 0.07393354418349833, 0.8936063102351683, 0.027204236992899446], [0.03156117249227076, 0.09572462940949218, 0.5074572065385498, 0.29138105029692446, 0.07387594126276255], [0.0034875106814885367, 0.005822385671517109, 0.22202041164418584, 0.7571947812708677, 0.011474910731940772], [0.007099752296699441, 0.022895436999192668, 0.5816760412677126, 0.3798373140445382, 0.008491455391856917], [0.003216086377178143, 0.0028657807371680385, 0.019403893260928607, 0.916882830359345, 0.05763140926538012], [0.002230250850362044, 0.001706512713530174, 0.006930067331456168, 0.9738796335270813, 0.015253535577570304], [0.005014977850602974, 0.01903973079284055, 0.45276072699650743, 0.48352446132443977, 0.03966010303560961], [0.06034971776472628, 0.27817951983531464, 0.5828606304811456, 0.06020665749419794, 0.018403474424615644], [0.1560091536678886, 0.2672140578650411, 0.47173574121563583, 0.08086762608294584, 0.02417342116848859], [0.006913144210248811, 0.03713288903260955, 0.8411718966623335, 0.09948983068107606, 0.015292239413732216], [0.011021332157613766, 0.015715058724149217, 0.052577424497870534, 0.0976284597181603, 0.823057724902206], [0.002369506874901431, 0.0018924711904277345, 0.013722864700181267, 0.970203260268703, 0.011811896965786238], [0.004938545508314638, 0.0029018010862509216, 0.00801782838427018, 0.668762072169968, 0.3153797528511962], [0.0028956524479441656, 0.004576130852806728, 0.1344150556149118, 0.8146190234707499, 0.043494137613587364], [0.10584001433797485, 0.2541557575004877, 0.5648944566479762, 0.060410273094694815, 0.014699498418866508], [0.01232872371193903, 0.007211461632239947, 0.005641607668768854, 0.08417651080432227, 0.89064169618273], [0.002646574629507346, 0.0026803315966532552, 0.014681825326034261, 0.9586924361610808, 0.021298832286724155], [0.0024167251792911446, 0.0016025774948340945, 0.01195891070308511, 0.9691610825415539, 0.014860704081235757], [0.0037839608724939784, 0.003636976819218889, 0.023852129350986476, 0.9584361476796256, 0.010290785277675128], [0.013139988465788297, 0.014833516384350733, 0.04740291721788698, 0.6156966152529274, 0.30892696267904673], [0.05499112644195858, 0.20176033267116475, 0.653018374341158, 0.07854053668262727, 0.01168962986309149], [0.014425948941662482, 0.12896223754658187, 0.7730718093470113, 0.07115216876401488, 0.012387835400729772], [0.008414276251161736, 0.008145616728298076, 0.024815762647528352, 0.7015712569953725, 0.2570530873776391], [0.0024341969345671372, 0.0015906795656546438, 0.0064339848649705485, 0.928095345719728, 0.061445792915079726], [0.0022105287627690825, 0.0016532707023002027, 0.013002998811389156, 0.9700274613387844, 0.013105740384757094], [0.024681907751561483, 0.026304135077498052, 0.3072631367437677, 0.5172156633265481, 0.12453515710062457], [0.004872954814009469, 0.011038949132408186, 0.33347126763682194, 0.6345405529362131, 0.016076275480547193], [0.008261774485804365, 0.00525930829812179, 0.015317298590552883, 0.39597218017472224, 0.5751894384507988], [0.005671233016553988, 0.011693984861584553, 0.3049113687055745, 0.6602161043327316, 0.017507309083555415], [0.011260780255553812, 0.00998552028237299, 0.1806308290162745, 0.6950720264072044, 0.10305084403859387], [0.024843833633060503, 0.10292065975885008, 0.8160706072979607, 0.050325615815519614, 0.005839283494608737], [0.011475344023718914, 0.0053130691643000424, 0.011577967347001748, 0.07129755363798342, 0.9003360658269955], [0.03495629276127505, 0.17455162766792473, 0.7300190368155695, 0.05214622305210921, 0.00832681970312159], [0.008457942196425698, 0.010427829570107903, 0.27920419685598596, 0.6084560719277066, 0.09345395944977371], [0.007080073805674315, 0.03206879446603785, 0.8368154016174102, 0.11568355093296057, 0.00835217917791723], [0.13141981251807108, 0.21556619605654, 0.5540747740960172, 0.08288314079762142, 0.016056076531749935], [0.002855161558800068, 0.001931430742575383, 0.009643803252708558, 0.8959463244762012, 0.08962327996971496], [0.004518542721256615, 0.007874219545851114, 0.10834422569465903, 0.5804903081023348, 0.2987727039358986], [0.003190121126942115, 0.007368380990137117, 0.24612497575436595, 0.7258390047495497, 0.017477517379004815], [0.0023443398964036024, 0.0016417722482424293, 0.028685717687746602, 0.9138459015166478, 0.053482268650959446], [0.007912877826269947, 0.02695465751246052, 0.6804232405826854, 0.27357525359323054, 0.011133970485353167], [0.002290068272880335, 0.002665505789241548, 0.06038537954500246, 0.9059479598800454, 0.02871108651283054], [0.08097850087468694, 0.12870155803420283, 0.7279556175516324, 0.052371399078853326, 0.009992924460624608], [0.005727666116276157, 0.013759160457310184, 0.2262362324113174, 0.6014035792403833, 0.15287336177471308], [0.006579267948761095, 0.009831479033855483, 0.08047455153513747, 0.419170168918891, 0.4839445325633551], [0.014570114865849308, 0.015767392325919064, 0.26348970033886626, 0.6389079657650892, 0.06726482670427607], [0.002769037325350746, 0.0015964289380026276, 0.016329786505231193, 0.9072890036309487, 0.07201574360046666]]"
SVM,2,1,"[3.0, 4.0, 4.0, 4.0, 5.0, 4.0, 5.0, 4.0, 4.0, 4.0, 5.0, 5.0, 3.0, 3.0, 5.0, 4.0, 3.0, 4.0, 4.0, 5.0, 4.0, 3.0, 5.0, 4.0, 3.0, 4.0, 4.0, 4.0, 4.0, 4.0, 4.0, 4.0, 3.0, 3.0, 3.0, 3.0, 3.0, 3.0, 4.0, 3.0, 1.0, 4.0, 4.0, 5.0, 2.0, 4.0, 4.0, 4.0, 4.0, 4.0, 4.0, 4.0, 3.0, 3.0, 4.0, 1.0, 4.0, 4.0, 4.0, 5.0, 4.0, 3.0, 2.0, 4.0, 3.0, 4.0, 5.0, 3.0, 4.0, 4.0, 4.0, 4.0, 3.0, 2.0, 5.0, 3.0, 5.0, 3.0, 4.0, 2.0, 3.0, 3.0, 4.0, 4.0, 3.0, 4.0, 4.0, 1.0, 3.0, 4.0, 5.0, 4.0, 4.0, 4.0, 4.0, 5.0, 3.0, 5.0, 3.0, 4.0, 3.0, 4.0, 4.0, 1.0, 3.0, 4.0, 5.0, 5.0, 4.0, 4.0, 4.0, 3.0, 5.0, 2.0, 3.0, 3.0, 4.0, 4.0, 4.0, 3.0, 3.0, 3.0, 4.0, 5.0, 5.0, 4.0, 4.0, 4.0, 3.0, 3.0, 4.0, 3.0, 4.0, 4.0, 5.0, 4.0, 3.0, 4.0, 4.0, 5.0, 4.0, 4.0, 3.0]","[2.0, 3.0, 3.0, 3.0, 5.0, 4.0, 5.0, 4.0, 4.0, 4.0, 5.0, 4.0, 3.0, 3.0, 5.0, 4.0, 2.0, 3.0, 4.0, 4.0, 4.0, 2.0, 5.0, 4.0, 3.0, 4.0, 4.0, 4.0, 4.0, 4.0, 4.0, 4.0, 2.0, 3.0, 4.0, 3.0, 1.0, 3.0, 5.0, 3.0, 1.0, 4.0, 3.0, 4.0, 2.0, 4.0, 4.0, 4.0, 2.0, 4.0, 5.0, 4.0, 3.0, 2.0, 3.0, 2.0, 4.0, 4.0, 5.0, 5.0, 4.0, 2.0, 2.0, 4.0, 3.0, 4.0, 3.0, 3.0, 4.0, 3.0, 4.0, 3.0, 1.0, 3.0, 5.0, 5.0, 5.0, 3.0, 3.0, 3.0, 3.0, 3.0, 4.0, 4.0, 1.0, 4.0, 4.0, 3.0, 2.0, 1.0, 5.0, 4.0, 4.0, 4.0, 4.0, 5.0, 3.0, 5.0, 1.0, 4.0, 1.0, 3.0, 4.0, 1.0, 2.0, 4.0, 5.0, 4.0, 4.0, 3.0, 4.0, 1.0, 1.0, 2.0, 4.0, 3.0, 5.0, 4.0, 4.0, 4.0, 3.0, 3.0, 4.0, 4.0, 5.0, 4.0, 4.0, 4.0, 3.0, 2.0, 4.0, 2.0, 4.0, 4.0, 5.0, 4.0, 3.0, 4.0, 4.0, 5.0, 4.0, 4.0, 2.0]","[[0.011593708294307321, 0.17376118805333102, 0.7497159149783446, 0.06014055998825555, 0.004788628685761279], [0.004699285034664294, 0.009948904279657406, 0.40724083155611124, 0.5711886767612862, 0.006922302368280957], [0.005736810945960657, 0.01871522149116524, 0.6913555854349509, 0.24994089145093712, 0.034251490676985887], [0.008916044939650206, 0.08200098705160837, 0.7943773253784058, 0.1001034361061524, 0.014602206524183089], [0.006614428103953542, 0.00553814923977045, 0.0128564251153657, 0.36730454711252175, 0.6076864504283883], [0.02900397807110098, 0.050243887388456414, 0.2476024329497546, 0.5233397776071761, 0.14980992398351206], [0.008033703144036982, 0.004711874704951787, 0.01893239690427756, 0.5954715727273562, 0.37285045251937754], [0.0030019304794776666, 0.003955620252959733, 0.03363357406926617, 0.9289486207947875, 0.030460254403508743], [0.0029466400689476704, 0.0034062016404301037, 0.01762316215545111, 0.9435428148722182, 0.03248118126295276], [0.0027836608514169286, 0.002483273990434392, 0.016720529894284422, 0.960165683081645, 0.017846852182219427], [0.00880091841560578, 0.0071505513832341785, 0.010911085073451262, 0.2137961969855954, 0.7593412481421133], [0.004440748796173005, 0.004489155685255116, 0.013639280651523207, 0.8078857830259544, 0.16954503184109423], [0.009480114523729625, 0.02201550553706295, 0.8506402554745386, 0.11296026142509195, 0.0049038630395765994], [0.01372921527694159, 0.028781731238856665, 0.876056328416917, 0.07448538554296008, 0.0069473395243246664], [0.008136582465612888, 0.006755965012680395, 0.010300897968513554, 0.16790119106812842, 0.8069053634850649], [0.00526777154135987, 0.0047125495426837225, 0.012518824193016448, 0.8347138453456755, 0.142787009377264], [0.014166352339942385, 0.24088536907270924, 0.6874325881101766, 0.04680674924638242, 0.010708941230789203], [0.022738430513292194, 0.05696356252564702, 0.44774952160513803, 0.2689650550908364, 0.2035834302650863], [0.0028004549879375546, 0.002653185182959608, 0.008032763918561558, 0.9477562378578943, 0.03875735805264688], [0.002564375718968742, 0.0032505524552037617, 0.016360806870932262, 0.8957753062214042, 0.08204895873349123], [0.002252009821548764, 0.0018305379228301345, 0.008994793430096942, 0.9458840170494545, 0.04103864177606983], [0.01886239181501387, 0.2766215485026403, 0.47505725360276563, 0.10239435113462036, 0.12706445494495988], [0.004411842560457166, 0.0034411352215657966, 0.010816800597348025, 0.7640443688946186, 0.21728585272601028], [0.0035897346390518546, 0.003947874347344172, 0.010496169598321546, 0.8998280645411736, 0.0821381568741089], [0.007164249153998955, 0.06985666798271169, 0.8359465338653815, 0.08152079196560386, 0.005511757032303893], [0.0028260202731387927, 0.0043170129159978915, 0.0282140437581344, 0.9484580158714848, 0.016184907181244327], [0.003001283413922994, 0.005076391700933417, 0.03339098300793826, 0.9190144777710704, 0.03951686410613487], [0.0026543210664709185, 0.002145759135660643, 0.008002297302393994, 0.9051908569866828, 0.08200676550879148], [0.002134686798551014, 0.0021647558819124385, 0.04759001750689536, 0.9392611543465936, 0.008849385466047788], [0.0023224006166968594, 0.0013277429802186773, 0.009827971157572288, 0.9642226430887167, 0.022299242156795386], [0.0022507169998816105, 0.0018740291965930625, 0.021632079232427024, 0.946080417849416, 0.02816275672168212], [0.003215680504279361, 0.002816614068761282, 0.008404184190768077, 0.874700800788037, 0.1108627204481547], [0.09809665500403009, 0.3555527217445082, 0.46614227169310735, 0.0675703696738005, 0.012637981884553779], [0.010149479626632022, 0.03735734230704801, 0.8321489968342332, 0.10847460617443958, 0.01186957505764694], [0.0026893900425576916, 0.004394143274899629, 0.06036309712452977, 0.9120015484049606, 0.02055182115305233], [0.007407900450166757, 0.01828142162478709, 0.7606850732360176, 0.204137281542087, 0.009488323146941756], [0.12421246416711026, 0.33044214220990614, 0.45433805011119277, 0.07729210802700826, 0.013715235484782576], [0.005589738442459176, 0.020472720661881338, 0.7166648937779317, 0.24392981740570674, 0.01334282971202116], [0.005109779547499918, 0.009323034349586602, 0.08658492328260942, 0.41802023233483004, 0.48096203048547415], [0.00621500369598302, 0.03116419183555241, 0.8056031880713476, 0.15001186630182534, 0.007005750095292042], [0.09575438275064291, 0.2515634447006574, 0.521260780536605, 0.10705753429107212, 0.024363857721022484], [0.0024763417611755735, 0.006578445132212926, 0.0827281056905939, 0.8665533818083576, 0.04166372560766018], [0.006017045593342214, 0.0374676070220619, 0.7943071672590091, 0.15494251893050584, 0.007265661195081109], [0.002912398944840991, 0.002870598482605639, 0.023624118320109588, 0.8097166471090299, 0.16087623714341395], [0.03387626424184347, 0.2956305515823139, 0.609942099578102, 0.046462746746214964, 0.014088337851525568], [0.003385151057605574, 0.004574831684509348, 0.03243117678880744, 0.9347972026890785, 0.02481163777999857], [0.002066067409361695, 0.00155776489905492, 0.01117619003707362, 0.96412772111387, 0.021072256540639846], [0.0033903569118175253, 0.00489924098546844, 0.0233362698364129, 0.9501255061847816, 0.018248626081519333], [0.02718003271279374, 0.4051521045080363, 0.49880958620727645, 0.05651256974233131, 0.012345706829562465], [0.006124295785442031, 0.007059495140789472, 0.02464734433272015, 0.8478165364586331, 0.11435232828241487], [0.0030662518147846784, 0.004809929968352633, 0.03897461196327271, 0.7370644311205761, 0.21608477513301413], [0.003771986725270784, 0.002217734365077958, 0.01799795686571168, 0.9400974305728358, 0.03591489147110392], [0.023882370013588436, 0.0784074317702218, 0.8365440448879767, 0.049663859195157346, 0.011502294133055476], [0.05389043580464868, 0.22728151621396883, 0.6496789286612764, 0.05718805245953999, 0.011961066860566126], [0.005851710907651834, 0.013441453684018757, 0.5390184910177832, 0.4344130055230358, 0.007275338867510805], [0.1028120347460386, 0.19787998384378627, 0.586775323369793, 0.08867639030406158, 0.0238562677363205], [0.0033978183953047025, 0.004023788372872431, 0.014439156595030056, 0.9547990960122015, 0.023340140624591273], [0.0019215984757979402, 0.0017974104367071858, 0.021188768508967056, 0.9601155445291548, 0.014976678049372649], [0.004649599088584328, 0.008272567106596174, 0.053336300938863115, 0.38210389838813585, 0.5516376344778204], [0.008409779157082927, 0.006332801542819521, 0.012889905685074358, 0.22927038020215063, 0.7430971334128723], [0.003066691160156331, 0.0037231397577649626, 0.11528547315269656, 0.848316966308667, 0.029607729620715173], [0.07518022705939004, 0.31145045681398276, 0.5459374049555884, 0.05663359626091046, 0.01079831491012855], [0.043938251615383304, 0.08306655088298306, 0.31429175995191827, 0.45655030713431577, 0.10215313041539938], [0.0021451455355599985, 0.001492473545394261, 0.01821963763417445, 0.9577905461339236, 0.020352197150947653], [0.007056236884743468, 0.05597271631749163, 0.7701520028854781, 0.1589625087395473, 0.007856535172739851], [0.003782211118894255, 0.004679411186850783, 0.04899308839817228, 0.9067331191896578, 0.03581217010642449], [0.020798963477283113, 0.07083881350836355, 0.6838167038657891, 0.20685572694762497, 0.01768979220093931], [0.006203952191350471, 0.033791794930382237, 0.7592123053438202, 0.19118545378774057, 0.009606493746706532], [0.002640948985893068, 0.0024005766669017736, 0.010132350618787802, 0.9623671308893322, 0.022458992839085087], [0.007307946770538131, 0.07692013307621107, 0.7837460321657409, 0.09597180642022024, 0.03605408156728986], [0.002764993456548113, 0.003303136815893537, 0.016379531907658673, 0.9657816896927515, 0.011770648127148396], [0.004814982471805879, 0.012252368239368571, 0.36145459884323344, 0.5165158594166807, 0.10496219102891138], [0.10725073219398251, 0.29206048760502207, 0.5211498246666482, 0.06217030343523977, 0.017368652099107578], [0.010565775405823211, 0.018667138550022958, 0.7520533409510344, 0.18909322874230702, 0.029620516350812906], [0.010421599604973202, 0.010605819999593038, 0.011616773217842088, 0.4977965720786258, 0.46955923509896547], [0.015264446355202445, 0.0633386713832354, 0.18124175062599365, 0.4791982079254033, 0.2609569237101651], [0.005144544880642382, 0.0028988915529131747, 0.007965958952167708, 0.6068388493639062, 0.3771517552503705], [0.008927017014945153, 0.08800835556664445, 0.8475002758824488, 0.04794849610455194, 0.007615855431409593], [0.045406179102842274, 0.06930258227644574, 0.576652587982257, 0.2641472849144081, 0.04449136572404666], [0.013742111714319978, 0.16705683616245157, 0.7706803968448941, 0.03789645605219048, 0.0106241992261436], [0.008526572052939234, 0.027660875061202968, 0.8649156025009315, 0.07771078159434192, 0.021186168790584454], [0.00676946283651182, 0.022115199553060544, 0.8179016576064212, 0.14553775548085296, 0.007675924523153545], [0.0034774465632047605, 0.003792616453078294, 0.02133359206557767, 0.8313309287938331, 0.14006541612430642], [0.002922297888411002, 0.0018515252565859232, 0.020860141095176997, 0.9445823263647105, 0.029783709395115664], [0.07843531445604321, 0.1716265093498386, 0.6312640211563183, 0.09812755805311829, 0.02054659698468127], [0.004703458610905921, 0.008489280510492608, 0.10603956722364556, 0.8478359240284327, 0.032931769626522965], [0.0025044145941715288, 0.005459743078845157, 0.07893058872884713, 0.8695446480669741, 0.043560605531162123], [0.03213226254840627, 0.05901576929375963, 0.29479839490550397, 0.5003162574065962, 0.11373731584573422], [0.04738181527987142, 0.2445945355881735, 0.5544530213967491, 0.1269566806442679, 0.026613947090937777], [0.07534070804104889, 0.08199164647310189, 0.39887469688059535, 0.35673908155662154, 0.08705386704863226], [0.009456979276559738, 0.006379332967085625, 0.006032374023424999, 0.19838788483227504, 0.7797434289006546], [0.002796582702681121, 0.003226626686693623, 0.017337922313238566, 0.9692447180617261, 0.007394150235660237], [0.003099408376937771, 0.004241863435735478, 0.031369678367062434, 0.8913081205710238, 0.06998092924924038], [0.004752889763691675, 0.005262922130571878, 0.022739935602898578, 0.9006796907931425, 0.06656456170969534], [0.003711133372450957, 0.007134829492412671, 0.22764664001871576, 0.7314595184676735, 0.030047878648747264], [0.006101539708931576, 0.003887810177831455, 0.015120135183561893, 0.38145195616417465, 0.5934385587655001], [0.00887797639442125, 0.05336340533303179, 0.8328187106389872, 0.08436315981813837, 0.020576747815421712], [0.012781046255597811, 0.00939711755968405, 0.015618176300564763, 0.25677776900804566, 0.7054258908761077], [0.09823250226165643, 0.1405069518082494, 0.6438191598798857, 0.08076013410642965, 0.036681251943779095], [0.0038444440197472557, 0.0026327017630669485, 0.009618726206852361, 0.8132594684858798, 0.1706446595244533], [0.12096668777738828, 0.19976833858422685, 0.29760587671818334, 0.3068403691142997, 0.0748187278059023], [0.006761971438735397, 0.02927584101129061, 0.837070165572883, 0.12087090973898854, 0.006021112238102421], [0.0022114478969048196, 0.0024771299461957613, 0.014741551833712294, 0.9715806540924277, 0.008989216230759507], [0.1146755141191145, 0.2653640642059158, 0.5162909319447205, 0.0833008486733029, 0.020368641056945885], [0.05116552943531878, 0.34026233681611656, 0.5301274454066833, 0.06364068640456866, 0.014804001937312707], [0.002815637865669544, 0.0023730001484296177, 0.010697352973643513, 0.9134494788209965, 0.07066453019126105], [0.006555389965683462, 0.0066520330898409445, 0.01833413257741639, 0.3301282478465099, 0.6383301965205492], [0.00326062054477173, 0.0013019447255531562, 0.009233827062081448, 0.8972962217223005, 0.08890738594529322], [0.004609103373499121, 0.00592067595417758, 0.21629969660197965, 0.7490085795293624, 0.024161944540981202], [0.005901745783663093, 0.04751489845045213, 0.6838532285205872, 0.24144846490745134, 0.021281662337846275], [0.004905071976454785, 0.0076278681786611366, 0.03192987658844115, 0.9327576384089715, 0.022779544847471335], [0.09449424873728259, 0.11753335066141779, 0.6890556345905642, 0.07646020956274974, 0.022456556447985866], [0.06551569754899644, 0.06786640458625855, 0.35847968711725325, 0.38218806967400426, 0.12595014107348756], [0.062434385226198916, 0.3289109516037112, 0.5213412241273785, 0.07288594716195607, 0.01442749188075517], [0.002559579443485911, 0.003661385222909641, 0.04905157163677746, 0.9103057233884486, 0.03442174030837859], [0.014558903245485748, 0.017642400875699762, 0.42948924745679706, 0.3879857478158827, 0.1503237006061347], [0.0076991833437469, 0.007084936278972754, 0.05001782507060775, 0.434891570147072, 0.5003064851596009], [0.006056987152984134, 0.008484422528652958, 0.04353844745198402, 0.9112956172747184, 0.03062452559166059], [0.0020073750534895136, 0.0016671720049031497, 0.014015056702701815, 0.9625325554430494, 0.019777840795855844], [0.003010525257516409, 0.009123581515757866, 0.13752213334326424, 0.7900030830909108, 0.06034067679255072], [0.006023859175096237, 0.0173539772573509, 0.5051214048012261, 0.4645341380579248, 0.006966620708401648], [0.006350538959394348, 0.019851141547450137, 0.5706266190402525, 0.3956099270621678, 0.007561773390735128], [0.0030796859609772244, 0.005192257724778157, 0.04308416474703124, 0.8689816337633792, 0.079662257803834], [0.004085807784684176, 0.002532323192001312, 0.013547732328492759, 0.9092421113111385, 0.07059202538368299], [0.01210502103298614, 0.03487511589297903, 0.15794608423174455, 0.2665280094452223, 0.5285457693970679], [0.0037734499606082482, 0.005524055491980713, 0.16113103327952058, 0.7547787659991038, 0.0747926952687867], [0.002207863927276425, 0.002709232194189864, 0.03027327666725646, 0.9524862966153824, 0.012323330595894693], [0.004487677852201704, 0.00821606388560206, 0.027248058102312973, 0.9445574896065188, 0.015490710553364267], [0.02697582044047524, 0.03429088973035558, 0.38069802293822796, 0.3678344736082513, 0.19020079328268982], [0.06215004617082863, 0.42974196025915784, 0.43366389929201915, 0.05937551187025628, 0.015068582407737662], [0.0034253401365566907, 0.004368043590936298, 0.08516577045090722, 0.8921333945911091, 0.014907451230490965], [0.030043805079501305, 0.1933996020421043, 0.7080983219923849, 0.06177119285737167, 0.006687078028637628], [0.0028705885548768084, 0.006410880590226809, 0.17561625880283238, 0.7779135463848307, 0.03718872566723297], [0.004457279652970277, 0.009808998352128343, 0.09317233498479627, 0.876005365580062, 0.016556021430043172], [0.006024496620559256, 0.0037397405389749147, 0.0067122111210506635, 0.6837412917099271, 0.29978226000948793], [0.003179429715307833, 0.003182835547130044, 0.012676213898159318, 0.9272675193396077, 0.05369400149979498], [0.05161752102484725, 0.0721635423346163, 0.42877408069209094, 0.3672774849261837, 0.08016737102226168], [0.0055604466517295125, 0.010107784369666046, 0.28918313760981856, 0.6855010702081568, 0.009647561160629231], [0.003678404850415654, 0.0112654386239278, 0.24526124761976112, 0.7248819027929118, 0.014913006112983641], [0.00975239564509426, 0.006347738100238433, 0.013749407548476, 0.13360203066024331, 0.8365484280459482], [0.0039748129237705526, 0.002963667175169922, 0.007383929139563335, 0.8749193916100517, 0.11075819915144465], [0.007615096256432122, 0.004984960438547308, 0.0449485670316524, 0.7610670102902464, 0.18138436598312188], [0.07843225292100106, 0.29474142688486105, 0.548705219052491, 0.05988080844912131, 0.018240292692524886]]"
