Classifier,Fold,Repeat,y_val,y_pred,y_prob
SVM,1,1,"[2.0, 4.0, 2.0, 3.0, 3.0, 4.0, 5.0, 3.0, 3.0, 2.0, 3.0, 3.0, 2.0, 3.0, 4.0, 4.0, 5.0, 2.0, 3.0, 4.0, 2.0, 2.0, 3.0, 4.0, 3.0, 3.0, 3.0, 2.0, 2.0, 3.0, 3.0, 3.0, 3.0, 3.0, 3.0, 3.0, 3.0, 4.0, 4.0, 3.0, 2.0, 3.0, 2.0, 4.0, 2.0, 2.0, 4.0, 3.0, 3.0, 3.0, 2.0, 3.0, 3.0, 5.0, 1.0, 4.0, 1.0, 2.0, 5.0, 4.0, 3.0, 2.0, 2.0, 2.0, 2.0, 3.0, 3.0, 4.0, 3.0, 2.0, 4.0, 4.0, 1.0, 4.0, 3.0, 2.0, 4.0, 4.0, 4.0, 3.0, 3.0, 3.0, 4.0, 3.0, 3.0, 1.0, 2.0, 4.0, 3.0, 4.0, 5.0, 4.0, 3.0, 4.0, 2.0, 4.0, 5.0, 3.0, 3.0, 2.0, 3.0, 2.0, 3.0, 3.0, 3.0, 4.0, 4.0, 5.0, 5.0, 2.0, 3.0, 3.0, 4.0, 3.0, 3.0, 3.0, 3.0, 3.0, 4.0, 2.0, 3.0, 4.0, 4.0, 3.0, 4.0, 2.0, 4.0, 3.0, 2.0, 3.0, 2.0, 2.0, 1.0, 4.0, 3.0, 3.0, 2.0, 3.0, 4.0, 4.0, 3.0, 3.0, 3.0]","[2.0, 4.0, 2.0, 4.0, 3.0, 4.0, 4.0, 4.0, 5.0, 2.0, 2.0, 2.0, 1.0, 3.0, 4.0, 5.0, 5.0, 2.0, 3.0, 4.0, 2.0, 3.0, 3.0, 4.0, 2.0, 3.0, 3.0, 3.0, 2.0, 2.0, 1.0, 3.0, 1.0, 3.0, 2.0, 3.0, 5.0, 4.0, 4.0, 1.0, 2.0, 3.0, 2.0, 5.0, 2.0, 1.0, 4.0, 2.0, 2.0, 2.0, 2.0, 3.0, 3.0, 2.0, 2.0, 4.0, 3.0, 2.0, 5.0, 4.0, 4.0, 2.0, 2.0, 1.0, 2.0, 2.0, 2.0, 5.0, 3.0, 2.0, 4.0, 3.0, 3.0, 4.0, 2.0, 2.0, 4.0, 4.0, 4.0, 3.0, 3.0, 4.0, 4.0, 2.0, 3.0, 2.0, 3.0, 4.0, 4.0, 4.0, 4.0, 4.0, 4.0, 4.0, 3.0, 4.0, 4.0, 3.0, 2.0, 1.0, 2.0, 3.0, 4.0, 2.0, 2.0, 4.0, 4.0, 4.0, 3.0, 2.0, 2.0, 3.0, 4.0, 3.0, 3.0, 2.0, 2.0, 1.0, 4.0, 3.0, 2.0, 4.0, 5.0, 3.0, 4.0, 1.0, 5.0, 4.0, 1.0, 3.0, 2.0, 4.0, 3.0, 4.0, 4.0, 4.0, 1.0, 3.0, 4.0, 4.0, 4.0, 2.0, 3.0]","[[0.023387104767735995, 0.4558282254974099, 0.5101709535051107, 0.007087459211764489, 0.0035262570179786165], [0.005758491976317013, 0.034388541109698204, 0.1313542989195129, 0.7902528893601009, 0.03824577863437111], [0.022118486773540384, 0.35103415736915927, 0.6163892442559044, 0.006352317366882028, 0.004105794234514052], [0.003570961517415146, 0.0216796931998069, 0.14666164760989578, 0.7934191615440034, 0.03466853612887901], [0.010646129007603963, 0.15138381204720533, 0.8220686739626012, 0.012879859614360676, 0.0030215253682289002], [0.003920204692539579, 0.021269942932638602, 0.08484390958961963, 0.8080737852364307, 0.08189215754877148], [0.003661819395999566, 0.02119435485435716, 0.17192519239262008, 0.7560110756325223, 0.047207557724501345], [0.005967810446368395, 0.0316917018353493, 0.12578775101499898, 0.7604003385685908, 0.07615239813469267], [0.00489223160795674, 0.025450931260968864, 0.11053016824992302, 0.7328619323200335, 0.12626473656111772], [0.05120763814397025, 0.39824097672342557, 0.5273312926040976, 0.017591109358693905, 0.005628983169812842], [0.025487788286196193, 0.4580432915381308, 0.49147534312020663, 0.019839279695083336, 0.005154297360382843], [0.025410182685553697, 0.35178187892414725, 0.6126790081569283, 0.007448505749629247, 0.002680424483741551], [0.12269722526897371, 0.44907425438130383, 0.4015065848532393, 0.020514586085378424, 0.006207349411104927], [0.02104531096939688, 0.07512799457209424, 0.7503984958957729, 0.1447996844164467, 0.008628514146289479], [0.008991818332601088, 0.050594381841967406, 0.21178524683696828, 0.6937280825263855, 0.034900470462077636], [0.005645911127382804, 0.022219438110479967, 0.10331992943417936, 0.6589894599246443, 0.20982526140331328], [0.0054074003934921205, 0.02298272553316082, 0.13215256194419125, 0.6169460115649636, 0.22251130056419224], [0.020176233033747284, 0.333189771861081, 0.6352423982537051, 0.008029001467343685, 0.0033625953841228857], [0.013600920414287164, 0.09215689213396809, 0.8096536298400742, 0.07884459371145215, 0.00574396390021863], [0.003612438084890723, 0.01884736840592901, 0.10422941904548393, 0.7758610622659272, 0.097449712197769], [0.049232393801789995, 0.3859131764256026, 0.5356723815802221, 0.022482367466193802, 0.006699680726191011], [0.019779403392347215, 0.21683956014167474, 0.75540220173162, 0.0054956561881617065, 0.0024831785461964127], [0.016158862722899087, 0.13582411670600306, 0.8279904456628515, 0.015318375571236855, 0.004708199337009607], [0.004996410800385913, 0.03370966702262737, 0.3719908757931634, 0.5482900078196992, 0.0410130385641242], [0.0458156065879479, 0.4457102250076611, 0.4856601776539518, 0.009731213396575145, 0.013082777353864075], [0.019380116472320068, 0.2597475340512984, 0.7126050338156832, 0.005644768329298622, 0.002622547331399961], [0.016858607050824495, 0.23060019110865104, 0.7436362038731639, 0.00551067868201067, 0.0033943192853498477], [0.014732809051558566, 0.12153590531971573, 0.8391052401928495, 0.021247043405037067, 0.0033790020308393175], [0.03145819055468917, 0.49849322996308126, 0.4542680603275949, 0.011850000116612575, 0.003930519038021707], [0.022685348580391673, 0.3919135302441276, 0.5761361551661776, 0.006856708323832466, 0.0024082576854707527], [0.055829585639379294, 0.3792478741791756, 0.5498671988777979, 0.008226715018286656, 0.006828626285360891], [0.01784108185180229, 0.20689163435464145, 0.7684104476010395, 0.0052181379693538, 0.0016386982231629194], [0.0610892752472916, 0.3999917421861632, 0.5182407459027444, 0.011333937872877684, 0.009344298790923083], [0.02090253358419124, 0.17517333340518176, 0.7936361681068829, 0.007715901368413823, 0.0025720635353303364], [0.03284391082364911, 0.2966343267480408, 0.5584022014079867, 0.0909529939825627, 0.02116656703776078], [0.009306862778049759, 0.07022242998880282, 0.7641333212657945, 0.15028587583244848, 0.006051510134904396], [0.007688253731867183, 0.043927486859593814, 0.46723136276115274, 0.39858793931201647, 0.08256495733536977], [0.003442222283539884, 0.018385778170606396, 0.16824519683765604, 0.741669446298018, 0.06825735641017959], [0.004311761980746373, 0.033018421977274184, 0.13757012054334303, 0.8138419013654754, 0.011257794133160874], [0.04820976389764116, 0.3900189925461843, 0.5489941794344715, 0.007967441299809494, 0.004809622821893581], [0.03555938295888195, 0.4362744554588416, 0.4960814622020414, 0.025345008858338156, 0.006739690521896753], [0.018128074684579113, 0.24091974066218952, 0.7299463816302171, 0.006720449895930967, 0.004285353127083322], [0.03572858552183794, 0.508645780382476, 0.4395842235718723, 0.01130576880621788, 0.004735641717595713], [0.005861048031513458, 0.023498073303113286, 0.10464903382795566, 0.6504006784003117, 0.21559116643710569], [0.049729333737287065, 0.42120615027070396, 0.5066583232937858, 0.01306837425323902, 0.009337818444983924], [0.050592362086834375, 0.39351627036015097, 0.5395143339692016, 0.009924476591831603, 0.006452556991981912], [0.004550216378668998, 0.024831515855906622, 0.12415787664229004, 0.7836867115580802, 0.06277367956505407], [0.03053860736017533, 0.41480080364722366, 0.5410417552219168, 0.009102021901859656, 0.004516811868824514], [0.05165342033493298, 0.4405946100587665, 0.48444934192177497, 0.018009579679362814, 0.005293048005162397], [0.0167559736299896, 0.2799724484896374, 0.6908969997957617, 0.007127404538671196, 0.005247173545939938], [0.0333418750675164, 0.3842705697409287, 0.49352785813683203, 0.07593290200543343, 0.012926795049289319], [0.017038646923870002, 0.08930404275329994, 0.7839255148499354, 0.10406331113111994, 0.005668484341774655], [0.013307691708379251, 0.12794063128289798, 0.8160162606475979, 0.038811149550711244, 0.003924266810413672], [0.019448242401840007, 0.30513390043421595, 0.6659371948873418, 0.006530794133668012, 0.0029498681429338917], [0.04218135050709719, 0.4608720901312227, 0.4842622209882642, 0.007903904089815438, 0.004780434283600317], [0.003642158571571989, 0.020671062306039795, 0.18866513016770353, 0.7455577495743464, 0.041463899380338384], [0.012719539336324009, 0.19693622169789213, 0.7694358436723104, 0.016174669976272614, 0.004733725317200573], [0.03021891207727834, 0.3961253625278844, 0.5593927364105957, 0.008576021515616709, 0.005686967468624696], [0.006932456186012152, 0.030352578513267545, 0.16074036029602914, 0.5986973728726489, 0.203277232132042], [0.0026743578235994795, 0.01884268484982231, 0.10927069774694044, 0.8464708870422596, 0.02274137253737799], [0.00777079730372804, 0.05994259732317891, 0.44749959333107525, 0.47473453653730063, 0.010052475504717526], [0.06081754083586966, 0.4494428056530872, 0.4684418243568917, 0.016812454199579153, 0.004485374954572104], [0.024309100688670426, 0.46467162696672987, 0.5014498591954871, 0.0067193017086435314, 0.0028501114404692676], [0.04679428407504314, 0.2921632491292771, 0.6499583150500147, 0.00624670683669803, 0.004837444908966791], [0.04011744041971157, 0.4219438221782165, 0.5138929313811874, 0.018539891017041413, 0.005505915003842827], [0.04631758648114638, 0.4744318842865035, 0.4656081232522887, 0.009832478164792956, 0.0038099278152684524], [0.01625311136421639, 0.36014236898244034, 0.596741624114613, 0.014595620563990773, 0.012267274974739858], [0.0072118633696332994, 0.03304293916665859, 0.2949594738362593, 0.5558258758884763, 0.1089598477389729], [0.017085220051463398, 0.14531549618741219, 0.7786578013359559, 0.05302233554149635, 0.005919146883672288], [0.028495629161038205, 0.4620525500916681, 0.47838651538901944, 0.023890276224364678, 0.007175029133909444], [0.0030330156700345257, 0.01806974273613443, 0.15323848869957057, 0.7980631936652006, 0.02759555922905951], [0.006481991406775203, 0.04974234316749939, 0.6295013653214327, 0.290571860961466, 0.02370243914282634], [0.01519714213592079, 0.11097820060823284, 0.8081338738523662, 0.06220067014397837, 0.003490113259501649], [0.0061471304694219586, 0.04068535049643424, 0.16752714708912025, 0.7749127265887591, 0.010727645356264606], [0.014665438728448303, 0.35946793643169855, 0.6155091552715349, 0.00705334736039321, 0.0033041222079248688], [0.06216199387732486, 0.41960137880455284, 0.4940011585197034, 0.018495167816222537, 0.005740300982196345], [0.002500327105109665, 0.014253143351802276, 0.08133522962686301, 0.85376683002468, 0.04814446989154506], [0.003850243241333991, 0.023074677925914028, 0.11827521181153604, 0.7999749563393468, 0.054824910681869204], [0.030181713420616763, 0.2093457479844215, 0.42789020125076116, 0.3163033190814895, 0.016279018262711158], [0.015136474659613887, 0.10626301064056715, 0.8169953196082239, 0.056446304591264984, 0.005158890500330116], [0.021871322813627136, 0.22105944018749432, 0.7484022114609501, 0.0056208412313850445, 0.0030461843065433362], [0.0038551757089409014, 0.018407284868811602, 0.1318056043521189, 0.7395319423272034, 0.10639999274292553], [0.003879016635664587, 0.02102071378759212, 0.1156726086798919, 0.7805001989670205, 0.07892746192983091], [0.049247675407011186, 0.4357703057438289, 0.4920749558974055, 0.015103838140129144, 0.007803224811625137], [0.008024368995198117, 0.08440965294602237, 0.8038896987162271, 0.09129278759425102, 0.01238349174830135], [0.036577875363767026, 0.2902510980609599, 0.5428918293661495, 0.11512291149866283, 0.015156285710461036], [0.009165535010872632, 0.05531660751816856, 0.6617448817335888, 0.23124175197531152, 0.04253122376205869], [0.006512960715048716, 0.028111420287560522, 0.12701299873272995, 0.7973807810450471, 0.040981839219613826], [0.003586734898042534, 0.020592844854272267, 0.1110965196884212, 0.8041426983620414, 0.06058120219722268], [0.005188307496747225, 0.028846396375359053, 0.13846626470007936, 0.7596276030389223, 0.06787142838889183], [0.004675361348161098, 0.02373754514790417, 0.2130004624293579, 0.6944570397302949, 0.0641295913442817], [0.0032333601197553343, 0.023035562821830124, 0.16710916163546927, 0.7632126453099652, 0.04340927011298033], [0.00680724749121429, 0.056056021526205854, 0.5361484661715253, 0.38773574843015884, 0.013252516380895649], [0.004383392648431737, 0.02201002126965328, 0.09531713672571707, 0.8045809365918631, 0.07370851276433502], [0.02943968089719392, 0.14164705807109815, 0.675722571312282, 0.1454261727595454, 0.007764516959880859], [0.0033522428765503853, 0.017994304659619743, 0.08902688171947201, 0.84696142351363, 0.04266514723072783], [0.003455062641914522, 0.02023140539632011, 0.09702514029447384, 0.8184327670353343, 0.060855624631957345], [0.009122836971684077, 0.07281855691273192, 0.7260253000839532, 0.18254873497814184, 0.009484571053488912], [0.06109461336837004, 0.4268856519854715, 0.4874814977042346, 0.018474673180479635, 0.006063563761444046], [0.0901921678701246, 0.45011396056902886, 0.4368034212591993, 0.015359456013463358, 0.007530994288184027], [0.03844971530094208, 0.5002024772629254, 0.4485903516293317, 0.00851877744056527, 0.004238678366235701], [0.0230859957819187, 0.2675697007331196, 0.7014781082435588, 0.004952304256078574, 0.0029138909853243084], [0.00496700910850547, 0.03397292184475956, 0.38868866340436725, 0.5527435311433844, 0.019627874498983348], [0.01679305663477293, 0.3179461622525467, 0.6394508098822234, 0.021300443589647285, 0.004509527640809702], [0.01442320118466728, 0.3656297146080202, 0.5965271893179959, 0.015193759548913045, 0.008226135340403588], [0.00493211008424307, 0.031837409103642605, 0.3375229548418774, 0.5764099972558846, 0.04929752871435215], [0.0027525541579651383, 0.02073354877653644, 0.1421505786715012, 0.8064570332201477, 0.02790628517384951], [0.003365394604243041, 0.01747218450334632, 0.08330713155736168, 0.8246675174801921, 0.07118777185485653], [0.011493448491833598, 0.0642468236672956, 0.724401358618914, 0.17678395315023934, 0.023074416071717625], [0.031682217657345066, 0.32860256616701583, 0.5996002762480667, 0.03239638545753994, 0.007718554470032633], [0.016294250844936582, 0.34003908161852275, 0.631594209557046, 0.008138160683443753, 0.003934297296050917], [0.008332247871021067, 0.06156132266566007, 0.7240467299253119, 0.1772760839806279, 0.028783615557379], [0.0038197759250706608, 0.02135115478256369, 0.11298020378677878, 0.7657840487339864, 0.0960648167716007], [0.011274493039836174, 0.1316526240815927, 0.8225000818338868, 0.03015270620954732, 0.004420094835136976], [0.017664285784712432, 0.0781884654876357, 0.7167094584711553, 0.1784829027115855, 0.008954887544911192], [0.01600315482398859, 0.27503362744821674, 0.6991531909477499, 0.008030039289813076, 0.0017799874902318488], [0.023987435431666856, 0.43505757779202586, 0.5112311006099272, 0.02280141527158971, 0.0069224708947905325], [0.06851681784127087, 0.36060492935341787, 0.5485082284056816, 0.013017035707390488, 0.009352988692239186], [0.0027484743567291843, 0.01762901666449802, 0.11708537565972449, 0.8114992612938894, 0.05103787202515897], [0.01812449820489749, 0.21266501838523635, 0.7578703089213558, 0.008101748417452636, 0.003238426071057686], [0.016778461218459703, 0.29972522301129906, 0.672746982213754, 0.007345614719600983, 0.0034037188368862144], [0.0031845059084984095, 0.02124709319553938, 0.19717176805617764, 0.7262908110458748, 0.05210582179390996], [0.006042346812217084, 0.02477717299939078, 0.1302828982394862, 0.6428033077537039, 0.19609427419520192], [0.01775116595637032, 0.25415604261677377, 0.6846319171629228, 0.038075524048875535, 0.005385350215057575], [0.003313574608704705, 0.019795843203067303, 0.09241030841305797, 0.8259313628628152, 0.05854891091235443], [0.07202090794987442, 0.44529664641713035, 0.4655163594863929, 0.010912155706766055, 0.006253930439836308], [0.004525580147313805, 0.022328546248602647, 0.11072355652387816, 0.7281202891952215, 0.13430202788498408], [0.004307808844994897, 0.025040866743491662, 0.18396982438374268, 0.7506158652350031, 0.03606563479276761], [0.05899636832643259, 0.4130860928556279, 0.5077458757053387, 0.01112012571904725, 0.009051537393553454], [0.014165709738569074, 0.09226837547660995, 0.7759629509974498, 0.10661461700955716, 0.010988346777814203], [0.030717503342648556, 0.4591762272563528, 0.47564331471446314, 0.02708041912893817, 0.007382535557597353], [0.003220111919702227, 0.020900547731904303, 0.16601984248529236, 0.7769827561108976, 0.032876741752203266], [0.013287411349010148, 0.09129574770870366, 0.6657160313485668, 0.2227628796349262, 0.006937929958793159], [0.003228664617758865, 0.023900199902994357, 0.1058999279388584, 0.8386566352386104, 0.028314572301777967], [0.005241672274455654, 0.026472971241125152, 0.2762833666442228, 0.6055812905650594, 0.08642069927513685], [0.006767631411723681, 0.04693837927174064, 0.5198613844794813, 0.3896330215123285, 0.03679958332472571], [0.07886247182930806, 0.4146238652928541, 0.48067583707231426, 0.01725714970793366, 0.008580676097589978], [0.009201961021913464, 0.07524029550020969, 0.7747903780294075, 0.13224388397986497, 0.008523481468604415], [0.004697930524026874, 0.03598980851467121, 0.41544883641112246, 0.5180400131622394, 0.025823411387940223], [0.007716509894553628, 0.051808282022458296, 0.46849260626196093, 0.4195145625997968, 0.05246803922123067], [0.009185382001563307, 0.054039158677594915, 0.5947392938758795, 0.3147380842456338, 0.027298081199328802], [0.047474114466624584, 0.4300469440500949, 0.5105829724465909, 0.0076313097743420525, 0.00426465926234785], [0.015038217475685204, 0.14879748974971868, 0.8025515945489898, 0.029498863984437372, 0.004113834241168934]]"
SVM,2,1,"[3.0, 3.0, 4.0, 4.0, 2.0, 2.0, 5.0, 3.0, 2.0, 3.0, 4.0, 2.0, 3.0, 3.0, 3.0, 4.0, 3.0, 3.0, 3.0, 3.0, 3.0, 3.0, 3.0, 4.0, 4.0, 4.0, 4.0, 4.0, 3.0, 4.0, 1.0, 3.0, 3.0, 2.0, 4.0, 4.0, 3.0, 2.0, 3.0, 3.0, 3.0, 3.0, 4.0, 3.0, 2.0, 2.0, 3.0, 3.0, 3.0, 3.0, 4.0, 3.0, 4.0, 3.0, 4.0, 2.0, 4.0, 4.0, 2.0, 4.0, 2.0, 2.0, 4.0, 2.0, 2.0, 2.0, 2.0, 3.0, 4.0, 3.0, 2.0, 2.0, 4.0, 4.0, 2.0, 4.0, 2.0, 1.0, 4.0, 3.0, 2.0, 3.0, 3.0, 3.0, 4.0, 4.0, 3.0, 2.0, 3.0, 3.0, 5.0, 4.0, 3.0, 3.0, 1.0, 3.0, 4.0, 3.0, 3.0, 4.0, 3.0, 1.0, 3.0, 3.0, 3.0, 4.0, 3.0, 4.0, 2.0, 3.0, 4.0, 3.0, 4.0, 4.0, 3.0, 3.0, 2.0, 2.0, 4.0, 4.0, 5.0, 4.0, 4.0, 3.0, 4.0, 1.0, 4.0, 4.0, 3.0, 3.0, 3.0, 4.0, 3.0, 2.0, 3.0, 2.0, 4.0, 2.0, 3.0, 4.0, 3.0, 3.0, 4.0]","[1.0, 2.0, 5.0, 4.0, 2.0, 2.0, 4.0, 3.0, 2.0, 2.0, 3.0, 2.0, 2.0, 3.0, 3.0, 4.0, 1.0, 2.0, 3.0, 2.0, 3.0, 1.0, 3.0, 4.0, 5.0, 4.0, 4.0, 3.0, 2.0, 5.0, 2.0, 3.0, 2.0, 2.0, 4.0, 3.0, 3.0, 2.0, 2.0, 2.0, 5.0, 2.0, 4.0, 4.0, 1.0, 2.0, 2.0, 3.0, 2.0, 2.0, 4.0, 2.0, 4.0, 2.0, 4.0, 2.0, 4.0, 4.0, 2.0, 5.0, 4.0, 2.0, 4.0, 3.0, 2.0, 3.0, 2.0, 3.0, 4.0, 3.0, 3.0, 3.0, 1.0, 4.0, 3.0, 4.0, 2.0, 2.0, 5.0, 2.0, 2.0, 4.0, 2.0, 2.0, 4.0, 4.0, 3.0, 2.0, 1.0, 4.0, 4.0, 5.0, 3.0, 2.0, 2.0, 2.0, 4.0, 3.0, 2.0, 4.0, 3.0, 1.0, 2.0, 3.0, 3.0, 4.0, 3.0, 4.0, 1.0, 2.0, 4.0, 3.0, 3.0, 4.0, 3.0, 2.0, 2.0, 2.0, 4.0, 4.0, 4.0, 5.0, 4.0, 3.0, 3.0, 2.0, 4.0, 4.0, 2.0, 3.0, 3.0, 5.0, 2.0, 2.0, 2.0, 3.0, 4.0, 1.0, 2.0, 4.0, 2.0, 2.0, 4.0]","[[0.08905516075409822, 0.3072222693768652, 0.5762919442990818, 0.014600110738329791, 0.01283051483162486], [0.026611918174668098, 0.33534062691059124, 0.6189473309998533, 0.00935445733595162, 0.00974566657893561], [0.008286502900221754, 0.036713128680820536, 0.34437625922940723, 0.47653085764898073, 0.13409325154056984], [0.0026218673095695696, 0.02254567132558181, 0.18144194476755063, 0.7348352059571294, 0.05855531064016875], [0.028298220345946902, 0.4025992928085474, 0.4966269263063165, 0.05846389200022112, 0.01401166853896798], [0.03925519785971886, 0.36604386788440807, 0.5788490173793105, 0.008320607132836501, 0.00753130974372592], [0.002103902595721384, 0.019879233457661162, 0.08591260835861393, 0.8382887745081833, 0.053815481079820114], [0.017482826775703335, 0.10953338374943324, 0.8475973803882271, 0.020512072482607974, 0.004874336604028182], [0.022987680541711755, 0.49268565468348874, 0.46172545602894677, 0.01696755629207893, 0.005633652453773461], [0.03529035991628411, 0.45481012514209324, 0.49050060171743054, 0.009807813832837443, 0.009591099391354595], [0.01722751703495663, 0.053792463837701816, 0.6821608308964391, 0.2381604598063263, 0.008658728424576075], [0.027071645634718478, 0.4890092384199077, 0.45582876421060026, 0.020322834051346158, 0.007767517683427553], [0.024401513660546752, 0.30428900993214236, 0.6520289610300228, 0.010096007438300374, 0.00918450793898789], [0.01714989247630558, 0.18391415420244547, 0.7573024714878154, 0.03200724814833288, 0.009626233685100948], [0.019609442984618832, 0.20264076708408343, 0.7538313816023839, 0.013910122254577627, 0.01000828607433609], [0.003500336333994565, 0.02290972021843394, 0.12016516403049571, 0.7580351444670352, 0.09538963495004046], [0.09258126365084987, 0.14781161589883796, 0.7139964516139863, 0.038190670367585555, 0.007419998468740608], [0.014955914461972485, 0.5007512490184898, 0.4558327669896894, 0.020841167850853447, 0.007618901678994766], [0.019929719222412705, 0.11650169106928616, 0.7883310928298277, 0.06763095124504354, 0.0076065456334298304], [0.03291186121221635, 0.4051417961021448, 0.5406525433866343, 0.00964210472140208, 0.01165169457760262], [0.036625290429451146, 0.08720577653857545, 0.8168385863617651, 0.049687982621589286, 0.009642364048618797], [0.05125462379300942, 0.1659392420512057, 0.7666305236076681, 0.009570253370819038, 0.006605357177297916], [0.022448009434499944, 0.08467322996046862, 0.826845619472262, 0.0568177255781103, 0.009215415554659018], [0.001975348306481403, 0.015324521926264451, 0.09319783490600865, 0.8381393265389547, 0.05136296832229054], [0.0030653332222899806, 0.018523400615476634, 0.09191803650400537, 0.7374954575043293, 0.14899777215389912], [0.0034106694827880637, 0.022288197078243824, 0.10522678666248751, 0.7879457628642358, 0.08112858391224514], [0.002520738893633904, 0.01850033912296966, 0.1026309330062232, 0.814540846095619, 0.06180714288155393], [0.007341276471125876, 0.04658269394742203, 0.6485272306811275, 0.27457178350866934, 0.02297701539165506], [0.025245244905631906, 0.5306844214490586, 0.42379376341009545, 0.012538271260278054, 0.007738298974936049], [0.00480548825459511, 0.023939734932274307, 0.16263047199033828, 0.5706342948248854, 0.23799000999790687], [0.01884343186944839, 0.523005714584803, 0.4323003561900348, 0.01916910014149935, 0.006681397214214452], [0.023572610796048304, 0.18903381724231677, 0.7682003142275361, 0.010704361423030833, 0.008488896311067933], [0.027139620021046054, 0.4766263248582554, 0.4688480730601854, 0.01792247891565195, 0.009463503144861194], [0.04951358180397683, 0.5316746094900701, 0.40195594738777934, 0.009099091719609452, 0.007756769598564396], [0.004725591156584302, 0.03253874575183726, 0.15715224090771307, 0.7535425721043927, 0.05204085007947273], [0.0064657972715327534, 0.04718854741240041, 0.630349388542041, 0.28106666801448826, 0.03492959875953792], [0.01778407505782649, 0.05877548460993924, 0.5902328597176278, 0.31120521894429237, 0.02200236167031404], [0.03961977614006753, 0.4981425229117175, 0.44535539034963434, 0.008359469029797437, 0.008522841568782769], [0.04392842145380134, 0.5856945856484016, 0.35043259179229164, 0.012058663146588378, 0.00788573795891689], [0.028993265245125254, 0.35531251518082413, 0.5910310169653485, 0.015007673652194473, 0.009655528956506966], [0.005662128787523851, 0.030186860699677184, 0.3321752145505026, 0.5184204421157779, 0.11355535384651837], [0.03994569701422504, 0.3467362913258344, 0.5872535150014342, 0.01264737035323031, 0.013417126305275919], [0.0023776113762755545, 0.019205953899841144, 0.1133987878723077, 0.843980018148933, 0.021037628702642412], [0.006164739187782967, 0.03407299045660742, 0.14907573838190727, 0.7468601279003945, 0.06382640407330754], [0.09301249312170827, 0.22862694757237342, 0.6631580777300833, 0.009641535779529989, 0.005560945796304958], [0.039934667340591895, 0.44382589772206016, 0.49586047951434853, 0.009762661873657763, 0.010616293549341769], [0.031727556862697744, 0.5019166775956391, 0.4413628091997553, 0.01754851523010113, 0.007444441111806936], [0.015494472655882163, 0.13154163066181024, 0.8249770830380542, 0.023760151260031778, 0.004226662384221325], [0.03438354279051965, 0.5101581668021988, 0.4313103130318743, 0.015119250599327241, 0.009028726776079654], [0.02797202992497998, 0.31466214760204847, 0.6370181867010644, 0.009920037276570462, 0.010427598495336624], [0.0018504428827636281, 0.015154324559438678, 0.09207437438628356, 0.8668211967979441, 0.02409966137357021], [0.016332661579689392, 0.4954760247131238, 0.4537945219885216, 0.02703869577621479, 0.00735809594245044], [0.0025737439359873222, 0.015875573513178348, 0.10320602228532441, 0.801287039166294, 0.0770576210992163], [0.04956037001618467, 0.48230255973102254, 0.4302555282464155, 0.020956867635447705, 0.016924674370929465], [0.0077226873970493186, 0.03692819226944176, 0.4363323323976021, 0.4650427067353858, 0.05397408120052126], [0.034141807385192686, 0.5104771008618078, 0.4235829101023154, 0.023669351415391088, 0.008128830235293266], [0.0023435267221340165, 0.019769865939284238, 0.12844921164816314, 0.8057253920264785, 0.043712003663939965], [0.02107144758991302, 0.07151845834621035, 0.314665778074027, 0.5611155921097986, 0.03162872388005082], [0.0313733984524102, 0.5130770695304634, 0.43851173522483633, 0.007860558743439461, 0.009177238048850778], [0.0037896133585172756, 0.02164228818229956, 0.11255371376137559, 0.6962413644243577, 0.16577302027344976], [0.005841425859442102, 0.03292559062474955, 0.5343324449525862, 0.3963842397123792, 0.030516298850842574], [0.07356598913671342, 0.5253860834776791, 0.36724916289115644, 0.02191318115465514, 0.011885583339796058], [0.004311087255087805, 0.031201398903364992, 0.12783877646383296, 0.7828704730981837, 0.05377826427953049], [0.014175164457588301, 0.18175808533644044, 0.7830770253386435, 0.01250622088877295, 0.00848350397855465], [0.028350448644220906, 0.4688397738580888, 0.4834667992267286, 0.01056220941954023, 0.00878076885142189], [0.020692473602862776, 0.26095882925505104, 0.7040621265164951, 0.008548736161589054, 0.005737834464002109], [0.0330933767348713, 0.44057836491241914, 0.5062315091596318, 0.007981834918908193, 0.01211491427416954], [0.03479631560961879, 0.13928015517744585, 0.8137419344277622, 0.008370424170895832, 0.003811170614277487], [0.007936976325334957, 0.03436326418116318, 0.15738554498492802, 0.7792143774636646, 0.021099837044909316], [0.02234277920252797, 0.10244178543663343, 0.8383337805862817, 0.03066829597578331, 0.006213358798773409], [0.01966049900187794, 0.1655220907336228, 0.7995697724310635, 0.009118481142988688, 0.00612915669044685], [0.014388822927470296, 0.18447785818072904, 0.786269243246174, 0.008287974712676408, 0.006576100932950398], [0.044010853936834446, 0.09471599510772033, 0.5787633122348538, 0.26326490040823797, 0.01924493831235333], [0.005392808032626087, 0.030811514341345724, 0.23770881053416693, 0.7096385829838708, 0.016448284107990315], [0.011314457603679414, 0.08287439210858756, 0.7944039327505082, 0.09651024216111513, 0.014896975376109619], [0.007127242085450348, 0.038591609074588695, 0.15064409326127445, 0.782240514675211, 0.02139654090347526], [0.040743016234192214, 0.538210799219046, 0.40431586881644765, 0.008647847626935845, 0.008082468103378046], [0.05474378366476508, 0.4960557299201542, 0.4219823718636287, 0.013120064148053395, 0.0140980504033987], [0.003211384678161695, 0.019016019269442568, 0.08563009244555676, 0.6976781637732812, 0.19446433983355793], [0.04126151821369879, 0.42835462862229573, 0.5101662625860066, 0.01026267636991432, 0.00995491420808429], [0.030581836329238762, 0.3013617897936175, 0.6533175647549722, 0.008823713307172626, 0.005915095814999271], [0.0024429754808577586, 0.021622763082634677, 0.10206992909042283, 0.841392212113274, 0.032472120232810986], [0.06618899266235195, 0.44491885603545384, 0.46513214716546375, 0.01138333667329568, 0.012376667463434923], [0.021724738521372227, 0.32739472232575045, 0.62909246582976, 0.012703956918739346, 0.009084116404377708], [0.005834783145157152, 0.030447854966640594, 0.3367614575320348, 0.5968195019256884, 0.030136402430478892], [0.008895190331533296, 0.04244134870660433, 0.15203776705776847, 0.7670541910176119, 0.029571502886481613], [0.029153223894679472, 0.12153670134613324, 0.8187892098915217, 0.020301933802617186, 0.010218931065048138], [0.022441492565491928, 0.39198262994255423, 0.5681884897005737, 0.010386851949725436, 0.007000535841654885], [0.05836033007740013, 0.2635297525883313, 0.6638243763950059, 0.008408454042667261, 0.005877086896595323], [0.0045009642316282475, 0.029696072679083772, 0.23474415293405398, 0.6746882657578082, 0.05637054439742617], [0.004713610506611433, 0.029062695146777198, 0.37825007097948016, 0.5474551727030635, 0.04051845066406764], [0.006307722251272551, 0.03657230168439045, 0.3741367836999405, 0.4941691661404177, 0.08881402622397855], [0.013834405935457029, 0.10831550395699725, 0.6883959875254259, 0.12265532701081718, 0.06679877557130279], [0.01455400435038882, 0.510975861037033, 0.4412396080314306, 0.025209585646138632, 0.008020940935008873], [0.06821359257329523, 0.45151334766025386, 0.44836406360911396, 0.02019649725572587, 0.011712498901610927], [0.07336598753608259, 0.4698747406220503, 0.4293135958717252, 0.01618547991300344, 0.01126019605713866], [0.007462195042890813, 0.036295335200158964, 0.5742910353096825, 0.357349210932991, 0.02460222351427671], [0.02930217214949741, 0.27043512906884265, 0.6762154341219954, 0.010477307485194973, 0.013569957174469606], [0.061275230908092275, 0.4114966987284716, 0.5039709637047404, 0.008237061160506601, 0.015020045498189012], [0.0028609466582589014, 0.01862435269492881, 0.10340445760695205, 0.8096857599742299, 0.06542448306563033], [0.012652342620516864, 0.04678935749140917, 0.609153120236616, 0.2860398660961643, 0.0453653135552941], [0.10285322570566086, 0.38809572138158216, 0.47982173902653874, 0.012546410006795792, 0.01668290387942213], [0.017643103132313865, 0.3708822403469382, 0.5927875483770437, 0.010078986828764878, 0.008608121314939382], [0.01433765173022832, 0.09968160753909856, 0.792524294047625, 0.08708274289570238, 0.006373703787345614], [0.01985792227119428, 0.14228821504379657, 0.8227373893692852, 0.008482080785227192, 0.006634392530496776], [0.0018992270903414408, 0.019496294713831974, 0.106604034928536, 0.8360940814239938, 0.03590636184329653], [0.02516058612729995, 0.1615948065371812, 0.7970807453450811, 0.01197836450565447, 0.004185497484783523], [0.002327920491190157, 0.020608687997611376, 0.12281202728017385, 0.7845750087316391, 0.06967635549938578], [0.04334855535157013, 0.16217175015598245, 0.7822673238567522, 0.007341746995974122, 0.0048706236397210055], [0.03401786700638987, 0.31052264627444875, 0.6303532708214057, 0.011015421147062688, 0.014090794750693128], [0.012177171334108637, 0.04873190280958799, 0.5877324523446517, 0.33678818396513366, 0.014570289546517979], [0.01656604958434496, 0.2551117905113017, 0.7140010040365867, 0.009450672265284924, 0.004870483602481834], [0.007428500180263959, 0.03693758004108738, 0.5215553689461561, 0.3795648480157311, 0.05451370281676156], [0.04409015044208645, 0.0821148523489649, 0.49658182655282124, 0.35652047825492994, 0.020692692401197563], [0.018370920453438456, 0.18265151145948302, 0.7810729897196446, 0.01065169299368469, 0.007252885373749161], [0.04624121498650768, 0.2498577310747207, 0.5216398261308299, 0.16257896791709797, 0.019682259890843688], [0.03399185872156008, 0.5174699045658449, 0.4282371295290667, 0.010906992280857068, 0.009394114902671218], [0.0542514777433126, 0.3865272221626671, 0.5183672168868242, 0.026462101642210207, 0.014391981564985775], [0.0031173344666744246, 0.021609348425800576, 0.18657328163364145, 0.7155315721376223, 0.0731684633362614], [0.0023393236495002747, 0.019764351501109896, 0.12309337100783278, 0.8078194761407885, 0.0469834777007683], [0.0045860857104805045, 0.028522981850864146, 0.11091034692553232, 0.7192050466044423, 0.13677553890868033], [0.0026886807518791645, 0.017218799674238183, 0.09608690532651755, 0.6852726575268113, 0.1987329567205538], [0.009428618614732964, 0.04022267586337036, 0.4997866531913839, 0.4196959600625429, 0.030866092267970033], [0.011693793929922178, 0.10108557238282945, 0.8100651802900742, 0.06432264138530062, 0.012832812011873392], [0.016353068258250187, 0.09571278191050787, 0.8254479241911953, 0.0567731760734226, 0.005713049566623928], [0.039252573384352174, 0.3058306578466832, 0.5040238837841751, 0.13191490979701592, 0.018977975187773798], [0.005645980937886005, 0.038964053637941455, 0.2289631412553673, 0.7032151196915831, 0.023211704477222296], [0.0039692645747318855, 0.02128542944433049, 0.08859867989671436, 0.8577329000382413, 0.02841372604598207], [0.06299694109447711, 0.42678327903798396, 0.4773419747047374, 0.017961408627176323, 0.014916396535625312], [0.015657461801091146, 0.09959070964062038, 0.836883922376667, 0.03918689632261714, 0.008681009859004205], [0.024511314399810025, 0.25222902654250257, 0.6698251259609788, 0.03835431494331092, 0.015080218153397308], [0.0032858003219481905, 0.01918429505750528, 0.13643469841475556, 0.6540166113892234, 0.1870785948165673], [0.013039066959561021, 0.5190083164660031, 0.43716990118955906, 0.022943568895973425, 0.00783914648890335], [0.046846812907996326, 0.5328281350294276, 0.3968963624364906, 0.014143254158527465, 0.00928543546755802], [0.01789907777428471, 0.29107144227477577, 0.6719226136600721, 0.00931776676407021, 0.00978909952679694], [0.01938858180951588, 0.2558552829956728, 0.7074027860747044, 0.008311040679882052, 0.00904230844022474], [0.0025254596038185345, 0.015877867026540454, 0.11086036331732335, 0.7918314167287861, 0.07890489332353144], [0.0816993178631408, 0.411144497173145, 0.4740277828809237, 0.018850476987829882, 0.014277925094960592], [0.03581315750612039, 0.47195010505363966, 0.4745385725634831, 0.00895021080310788, 0.008747954073649148], [0.0031304282156101987, 0.018128650176674185, 0.13296234064263635, 0.7325346011801966, 0.1132439797848823], [0.02757471363926152, 0.5003611375674755, 0.4491908795486834, 0.013679462356708553, 0.00919380688787135], [0.05082287335322277, 0.5102846212695951, 0.4141152547885774, 0.015093502008216658, 0.009683748580387867], [0.002584259210552385, 0.022758995977238693, 0.13253904402188657, 0.774295158940043, 0.06782254185027939]]"
