Classifier,Fold,Repeat,y_val,y_pred,y_prob
SVM,1,1,"[2.0, 4.0, 4.0, 4.0, 4.0, 3.0, 4.0, 3.0, 2.0, 3.0, 3.0, 3.0, 2.0, 2.0, 3.0, 4.0, 4.0, 5.0, 3.0, 3.0, 4.0, 4.0, 3.0, 4.0, 3.0, 3.0, 3.0, 4.0, 4.0, 4.0, 3.0, 3.0, 4.0, 3.0, 4.0, 3.0, 3.0, 2.0, 3.0, 4.0, 5.0, 3.0, 3.0, 3.0, 4.0, 2.0, 4.0, 3.0, 3.0, 4.0, 4.0, 3.0, 3.0, 3.0, 2.0, 2.0, 4.0, 3.0, 1.0, 2.0, 4.0, 2.0, 2.0, 1.0, 4.0, 4.0, 3.0, 4.0, 2.0, 4.0, 4.0, 2.0, 2.0, 4.0, 3.0, 1.0, 3.0, 3.0, 4.0, 4.0, 3.0, 2.0, 4.0, 4.0, 4.0, 4.0, 1.0, 5.0, 3.0, 3.0, 3.0, 4.0, 4.0, 2.0, 3.0, 4.0, 4.0, 3.0, 4.0, 4.0, 4.0, 3.0, 3.0, 3.0, 3.0, 1.0, 4.0, 3.0, 3.0, 4.0, 2.0, 4.0, 4.0, 3.0, 4.0, 3.0, 4.0, 3.0, 4.0, 3.0, 2.0, 3.0, 3.0, 3.0, 4.0, 4.0, 3.0, 5.0, 4.0, 3.0, 4.0, 3.0, 3.0, 5.0, 3.0, 3.0, 4.0, 2.0, 3.0, 4.0, 2.0, 3.0, 3.0, 4.0]","[3.0, 4.0, 3.0, 5.0, 4.0, 2.0, 4.0, 4.0, 1.0, 4.0, 3.0, 3.0, 1.0, 2.0, 3.0, 4.0, 5.0, 4.0, 4.0, 4.0, 5.0, 4.0, 3.0, 4.0, 1.0, 1.0, 3.0, 5.0, 5.0, 4.0, 1.0, 2.0, 4.0, 4.0, 4.0, 2.0, 3.0, 1.0, 3.0, 3.0, 5.0, 3.0, 3.0, 3.0, 4.0, 3.0, 4.0, 3.0, 2.0, 4.0, 4.0, 3.0, 1.0, 3.0, 1.0, 2.0, 5.0, 2.0, 2.0, 1.0, 5.0, 1.0, 1.0, 1.0, 4.0, 3.0, 3.0, 5.0, 1.0, 4.0, 4.0, 2.0, 4.0, 4.0, 3.0, 1.0, 1.0, 3.0, 4.0, 4.0, 3.0, 3.0, 4.0, 4.0, 4.0, 3.0, 2.0, 5.0, 4.0, 4.0, 4.0, 5.0, 5.0, 3.0, 4.0, 5.0, 4.0, 3.0, 3.0, 4.0, 4.0, 3.0, 3.0, 3.0, 4.0, 4.0, 4.0, 3.0, 1.0, 5.0, 3.0, 4.0, 4.0, 2.0, 2.0, 3.0, 4.0, 3.0, 4.0, 4.0, 2.0, 3.0, 3.0, 1.0, 5.0, 4.0, 1.0, 5.0, 4.0, 2.0, 4.0, 5.0, 3.0, 5.0, 4.0, 2.0, 4.0, 2.0, 3.0, 5.0, 1.0, 1.0, 2.0, 4.0]","[[0.018521699862209095, 0.18244523026017762, 0.743663902088772, 0.05283198723839063, 0.0025371805504505267], [0.0022870039272015028, 0.009355699300485663, 0.06699382233120328, 0.8942053392529109, 0.02715813518819838], [0.007245889153412283, 0.09148141144499616, 0.8267203130849022, 0.07253431498396849, 0.0020180713327208714], [0.011984319336196123, 0.022604093397837623, 0.19309459545317068, 0.5746566175816964, 0.1976603742310999], [0.006012274701135937, 0.02773301598314209, 0.4218314233549494, 0.5370068806092477, 0.007416405351524912], [0.07085110414795207, 0.39390358798672076, 0.49250211114815434, 0.03842674097818459, 0.004316455738988179], [0.008191025461581534, 0.024055265451586327, 0.368465739260153, 0.5792825921102662, 0.02000537771641282], [0.0015914721111434337, 0.007221868756772308, 0.08899270989528742, 0.8806922727815811, 0.021501676455216074], [0.1710581313459226, 0.43143593644492284, 0.3208910562442054, 0.06506539373568854, 0.011549482229260572], [0.003202102279873818, 0.009844231870821866, 0.08772298677664897, 0.8551711766977096, 0.044059502374945825], [0.016766520374089277, 0.21978148100805783, 0.7176917476558258, 0.04355425238498147, 0.0022059985770454403], [0.006525559834428682, 0.08714201288246556, 0.8556340271979601, 0.04977286483063076, 0.0009255352545148509], [0.17037498548435415, 0.4590818724581695, 0.3209908239014402, 0.041280028138425066, 0.008272290017611249], [0.06648542371164615, 0.36040831883583374, 0.5300584367424399, 0.038852167618962805, 0.004195653091117612], [0.012166828626178166, 0.17521598869890118, 0.768842473714322, 0.042115249185717775, 0.0016594597748803713], [0.00542412215453273, 0.013909438928320413, 0.15989995364771445, 0.8079928912337071, 0.01277359403572528], [0.015025596116823924, 0.029607023231207657, 0.08661206891211487, 0.418339498094054, 0.45041581364579963], [0.004363634301121291, 0.014107331968587796, 0.17302452346891015, 0.7539807252812099, 0.05452378498017086], [0.006680741086976377, 0.028745021429497055, 0.4560797955788064, 0.4959848101710886, 0.0125096317336313], [0.0027748826811721037, 0.012917417582795724, 0.2675545288565447, 0.7105115316412135, 0.006241639238273828], [0.005827412812460919, 0.016225565743927573, 0.08276488997518418, 0.7422657494751275, 0.15291638199330007], [0.013698527261824425, 0.027059420132828037, 0.0882140782347586, 0.8358612821165388, 0.035166692254050225], [0.01318788096157303, 0.17422778146060666, 0.7726158282455582, 0.037803830139308686, 0.002164679192953289], [0.016871898236439403, 0.07281637754399857, 0.324302613964002, 0.578276359519969, 0.007732750735591237], [0.11133055793066299, 0.4536301541647821, 0.38789020973849764, 0.04109304110941101, 0.006056037056645939], [0.10412321554562225, 0.3969731380320844, 0.44265615688902005, 0.05005888384396663, 0.006188605689306354], [0.012410785554102181, 0.17835270720192398, 0.7620980599136812, 0.0452731299990333, 0.001865317331259523], [0.006496978164014702, 0.014004894912858997, 0.08739276690923205, 0.6786360985091505, 0.21346926150474374], [0.002809672325435074, 0.010848553204301576, 0.06055047640038852, 0.7780612540195251, 0.14773004405034984], [0.0017337409989703263, 0.007506667377420634, 0.09441277791779339, 0.8677127652955345, 0.028634048410281405], [0.10939355680460544, 0.36194489396428464, 0.48519851620091825, 0.038512248265490635, 0.00495078476470097], [0.05425795251387515, 0.3279030860676567, 0.5743686947568432, 0.04021325350599865, 0.0032570131556263824], [0.008634854298641638, 0.03643963653979967, 0.43681441642141267, 0.49586268565015845, 0.022248407089988036], [0.0042409968607021575, 0.017479091388311593, 0.3744911648694564, 0.5997429558900486, 0.004045790991481401], [0.0028593287317595986, 0.00998606008148596, 0.07683268354346726, 0.8352981380281591, 0.07502378961512822], [0.03961473174265728, 0.25075250754197914, 0.6475040794415122, 0.05732130740149607, 0.004807373872355326], [0.007623093642580853, 0.09851479111591283, 0.8495594197590745, 0.04341242435748017, 0.0008902711249513448], [0.12293980200582683, 0.428159461422978, 0.39599042489611563, 0.04643941683557081, 0.006470894839508824], [0.0063203199582572075, 0.06243779208638913, 0.8159524991828649, 0.11420496730316075, 0.0010844214693281923], [0.007077456729839021, 0.050959822106342, 0.7118735083297578, 0.22790203558559685, 0.0021871772484649407], [0.013506313897116361, 0.024565442475002496, 0.14458667801608996, 0.4888142942617069, 0.3285272713500841], [0.007135718073494154, 0.02872985494271826, 0.5483100244235828, 0.4106247380559976, 0.005199664504207423], [0.008920742152829994, 0.09521582501725803, 0.8053244209558232, 0.08955159061889383, 0.0009874212551950017], [0.006786558771512253, 0.040039102434295724, 0.6840915382590246, 0.2669872107098445, 0.0020955898253229156], [0.002755422151276617, 0.011227887200830454, 0.07588961505819178, 0.8514242747480887, 0.05870280084161259], [0.0056630559770697395, 0.04262438075541666, 0.7976891818352901, 0.15280434264329718, 0.001219038788926039], [0.0045407245154692605, 0.011630146473703319, 0.12281373052271903, 0.8437918382215986, 0.017223560266509723], [0.0073456658462642275, 0.09734877427881312, 0.8390055507668138, 0.05537977944226071, 0.0009202296658480314], [0.021141729794709914, 0.30372446576135465, 0.6375556680739088, 0.03397253061879152, 0.0036056057512349362], [0.0015955312962968398, 0.008951645446844354, 0.10500456968214596, 0.857815665692334, 0.026632587882378777], [0.0023747020522710553, 0.009954234704945181, 0.07624025943814182, 0.8415723984159666, 0.06985840538867527], [0.005425318453814988, 0.024954466349600128, 0.5440139944577341, 0.4210106116466804, 0.004595609092170651], [0.15620967375680117, 0.4589977947968404, 0.3400535847132559, 0.037579924075579516, 0.00715902265752296], [0.0267675136285442, 0.2243736682997085, 0.7030141582371113, 0.04319544254951566, 0.0026492172851205137], [0.15439176486141523, 0.42623837943060244, 0.35117365706994563, 0.058769341642803154, 0.009426856995233568], [0.0712653919106415, 0.5161472266560551, 0.36520485935601055, 0.04203264128307291, 0.005349880794219955], [0.0028175940670381824, 0.009978967581584779, 0.08625470813427955, 0.8056869237273988, 0.09526180648969866], [0.09945770647206965, 0.3456230302447954, 0.5103605676023637, 0.03936652617750777, 0.005192169503263329], [0.027409731284822707, 0.28609501201399473, 0.6404104163860631, 0.043454501879187944, 0.0026303384359317246], [0.12728465915299503, 0.5059784327141587, 0.32912019223208305, 0.03274674166991304, 0.004869974230850255], [0.00482706549133113, 0.013273107680169212, 0.07211690790640984, 0.7980472375077288, 0.11173568141436087], [0.17836275243164879, 0.4417135846483624, 0.32498597563213866, 0.04501302137161377, 0.009924665916236662], [0.10304495045709698, 0.44471441576046644, 0.4042822175457362, 0.04195290494601733, 0.006005511290683043], [0.14974936454959412, 0.43282591196919984, 0.366810782199363, 0.04299433212891032, 0.00761960915293241], [0.016046621644117815, 0.07044881153031939, 0.27406562432739795, 0.6314921909601248, 0.007946751538040012], [0.00749895255427122, 0.1023892226746101, 0.8294591961199932, 0.059389780110922705, 0.0012628485402028885], [0.006341289581096528, 0.04149589390778831, 0.7874912706480268, 0.16267377859164966, 0.0019977672714387527], [0.00620398933792171, 0.014649872885922894, 0.07366479607985267, 0.8205975638998766, 0.08488377779642607], [0.14143728130865776, 0.5344000144128401, 0.2849946691782835, 0.03357507365440437, 0.005592961445814251], [0.008728990881775632, 0.0207481776768925, 0.08729303733756694, 0.8329407807751513, 0.05028901332861298], [0.0024275164384564077, 0.013789331045751111, 0.08754071940957679, 0.8799899763817404, 0.016252456724475284], [0.08888293549157812, 0.4058561171803536, 0.4642179824128823, 0.036495377944164895, 0.004547586971021129], [0.007481143152562648, 0.018437628471042352, 0.26200996472726623, 0.6714647711052624, 0.04060649254386599], [0.00861829197477581, 0.01464295127804627, 0.08781364789404114, 0.8649400382458691, 0.023985070607267574], [0.008376745559799852, 0.11747710892859511, 0.8342333012019677, 0.03896972355001682, 0.0009431207596204889], [0.11441857889049972, 0.4246731118359692, 0.4221392095739894, 0.03405327647988386, 0.004715823219657819], [0.1294059408619351, 0.44296049626918754, 0.38175223650267404, 0.03959559043894626, 0.006285735927257183], [0.010793331639295314, 0.1454472078506736, 0.8067423064162204, 0.03564262204144556, 0.0013745320523652575], [0.0015571465520426643, 0.007444623296460444, 0.0823637257517938, 0.8857252924826882, 0.022909211917015095], [0.004018932363960233, 0.01895935143531244, 0.1177905008444306, 0.8360509765627483, 0.023180238793548438], [0.011035235365604117, 0.15474781172273724, 0.7573925027269968, 0.07561701770691716, 0.0012074324777447802], [0.006490544323966467, 0.07840012614327534, 0.8239479069423528, 0.08981257031123975, 0.0013488522791657025], [0.005716230443191641, 0.019928105732865402, 0.4354946576571344, 0.5325645601212953, 0.006296446045513213], [0.0029916724047818364, 0.01724091794395109, 0.19465862940506337, 0.7779349012264387, 0.007173879019764895], [0.0022163548313069155, 0.011424414240189371, 0.07019706889582618, 0.8268170790514786, 0.08934508298119885], [0.004037651061459929, 0.028465043048341795, 0.6570860496494095, 0.3080321909657167, 0.0023790652750720308], [0.043822989135271814, 0.22107304141114745, 0.4998764856739059, 0.22192597195371255, 0.013301511825962625], [0.02068617074606079, 0.04146964525340492, 0.18812348280877575, 0.3816074193940125, 0.3681132817977466], [0.006298492614331098, 0.022611967263468747, 0.4390927285055219, 0.525546136083171, 0.006450675533507365], [0.0051889133172143866, 0.012376949948881284, 0.10814743242717696, 0.8445316625274338, 0.02975504177929338], [0.008705370772424198, 0.01891996387475033, 0.24985062882284634, 0.6819145916217897, 0.04060944490818957], [0.007507573874654603, 0.015498610345843272, 0.08942502244134344, 0.7770123621485615, 0.11055643118959735], [0.004042314304146874, 0.011114251087174013, 0.08139243910663668, 0.80045296974401, 0.1029980257580323], [0.018450291844547717, 0.22817723570154733, 0.7055663324068209, 0.04535201488357329, 0.002454125163511018], [0.004981594881379264, 0.02255104715835887, 0.4325559170241527, 0.5339095024817585, 0.00600193845435031], [0.0023855836968426566, 0.011039670509461311, 0.08658155949382053, 0.7725865100874639, 0.12740667621241167], [0.0025696346157972824, 0.013810893677625695, 0.1053992638185773, 0.8671963940285948, 0.011023813859404914], [0.006436484663203427, 0.08598894424964824, 0.8476336564897122, 0.05901447333704122, 0.0009264412603947081], [0.0047664212232486425, 0.025095582713242366, 0.5960951088333892, 0.3714544026704461, 0.002588484559673581], [0.00387774991275486, 0.01220824449379588, 0.15973523348385268, 0.7845996609230834, 0.03957911118651306], [0.0014712042094921923, 0.008656659500030684, 0.11470343517087188, 0.8633778241805881, 0.011790876939017328], [0.007439504397735903, 0.08220147893887217, 0.8061850259942644, 0.10317415839654119, 0.0009998322725860147], [0.00919106413790668, 0.13790480188100562, 0.8142984880352065, 0.03741545336169327, 0.0011901925841880125], [0.016576041103150096, 0.15983986969387529, 0.777110944560198, 0.04378347271322946, 0.002689671929546964], [0.004854171030021851, 0.02386988750411956, 0.47695663750148937, 0.48681312355746853, 0.007506180406900676], [0.002483253436751449, 0.00992007962507523, 0.18610165026733483, 0.7827416398856154, 0.018753376785223177], [0.003924739632878759, 0.012838841085221065, 0.1556587049042457, 0.7986485499142422, 0.028929164463412812], [0.005862037600589872, 0.05683496951669119, 0.8064120378396598, 0.1290536963121117, 0.001837258730947159], [0.15183692647426691, 0.42668516080878477, 0.3703156229810528, 0.0432657027005408, 0.007896587035354657], [0.005658258047835762, 0.015388666112621345, 0.0592231458153832, 0.7039022395962155, 0.21582769042794425], [0.006789169692620723, 0.08859746888036014, 0.8402454087364826, 0.0636216472688402, 0.0007463054216965797], [0.002078430690325332, 0.011981724791967206, 0.18077493622894644, 0.7957056104962694, 0.009459297792491411], [0.0024362638648537135, 0.008936785741922587, 0.17390920247676533, 0.7973218292346106, 0.017395918681847772], [0.08973146212012165, 0.4045204253664995, 0.44491002974770977, 0.054635443418689505, 0.00620263934697981], [0.02847844342861566, 0.2546680888745143, 0.4378726596754205, 0.2665829128172457, 0.012397895204203526], [0.007980850985921255, 0.06131570580095171, 0.7597108943751447, 0.16921935695722787, 0.001773191880753957], [0.005926492050810893, 0.016876987806145032, 0.11226149684057617, 0.8369577979230348, 0.027977225379433188], [0.024593994692567674, 0.2142835894488225, 0.719402870474073, 0.03945396431402384, 0.002265581070512747], [0.0022293076344517, 0.008594345693150433, 0.08227132309282517, 0.8553226536801916, 0.05158236989938095], [0.009203484201565228, 0.04505248903020554, 0.5005850491195203, 0.43490634783850196, 0.010252629810206897], [0.030682729038724224, 0.2438058356215992, 0.6794750773894418, 0.043296289385790526, 0.0027400685644445345], [0.004385218992151498, 0.034350879636830034, 0.7403335840315332, 0.2188582419554712, 0.002072075384014154], [0.007378403027718581, 0.07945159017795365, 0.8238097619533437, 0.08850136973905676, 0.000858875101927392], [0.1366317367835841, 0.39344897965782566, 0.4154773538232301, 0.04661825632820235, 0.007823673407158028], [0.003901340604880619, 0.012230486971589655, 0.09332317554740659, 0.7048358059187682, 0.18570919095735483], [0.003145966339504029, 0.012315281099950448, 0.2599272670684746, 0.7122507961233107, 0.012360689368760232], [0.0950294698561972, 0.5096235212776218, 0.3547035374875559, 0.03581812985863316, 0.0048253415199922016], [0.00959022412623712, 0.027952854411626576, 0.0743741627955433, 0.5001282613938661, 0.38795449727272713], [0.004964625881047128, 0.021255943960869585, 0.37781331481893005, 0.5901424133200718, 0.005823702019081418], [0.027714193702877702, 0.29710034893953086, 0.6269488424003539, 0.04546056265423861, 0.0027760523029992045], [0.001825862753798094, 0.01151678047855756, 0.10104469410679205, 0.8614733121017615, 0.024139350559090913], [0.022785731515419006, 0.05486904732187239, 0.2040305505514605, 0.39018694165691103, 0.3281277289543374], [0.021071234411473454, 0.16778318013291024, 0.759406324204675, 0.04894215590887494, 0.0027971053420661244], [0.00795289083915933, 0.019055690213265204, 0.07940906727166641, 0.3434497004356926, 0.5501326512402167], [0.009067691238600253, 0.024416817811247903, 0.35704074176997475, 0.5847377713638442, 0.02473697781633278], [0.09635585252733515, 0.4218250795354924, 0.43149088288615395, 0.044561490199541094, 0.005766694851477261], [0.004277042171760028, 0.01850106755008608, 0.415783077184209, 0.5539249328436543, 0.007513880250290489], [0.04916644552698823, 0.26867709997340744, 0.4960233910315341, 0.1743319434950622, 0.011801119973007548], [0.010405476688498458, 0.14921204544435654, 0.7938708643455112, 0.045367921959615067, 0.00114369156201871], [0.01702493747286386, 0.031588360850845994, 0.14821505680370448, 0.40062081977665265, 0.4025508250959327], [0.10215081310514879, 0.4180122779436102, 0.4255962982873707, 0.04805283016705866, 0.006187780496811499], [0.15159309630687334, 0.4465111401104703, 0.35236159941531936, 0.04219122822033669, 0.007342935947000651], [0.03281649434709222, 0.23908180735186493, 0.6757031403218665, 0.049193148278815234, 0.003205409700361398], [0.002363645752017122, 0.008165566121195109, 0.09805228238022466, 0.8618324741088167, 0.029586031637746542]]"
SVM,2,1,"[3.0, 3.0, 5.0, 4.0, 4.0, 3.0, 4.0, 3.0, 3.0, 2.0, 4.0, 4.0, 5.0, 3.0, 3.0, 2.0, 3.0, 4.0, 4.0, 3.0, 3.0, 4.0, 4.0, 3.0, 4.0, 3.0, 4.0, 3.0, 3.0, 3.0, 4.0, 4.0, 2.0, 3.0, 2.0, 3.0, 3.0, 4.0, 3.0, 3.0, 2.0, 4.0, 2.0, 3.0, 4.0, 4.0, 3.0, 4.0, 2.0, 4.0, 4.0, 3.0, 3.0, 2.0, 3.0, 2.0, 4.0, 2.0, 3.0, 2.0, 4.0, 4.0, 4.0, 4.0, 4.0, 4.0, 4.0, 3.0, 3.0, 3.0, 4.0, 4.0, 3.0, 4.0, 4.0, 4.0, 2.0, 4.0, 2.0, 4.0, 2.0, 2.0, 4.0, 4.0, 4.0, 3.0, 4.0, 3.0, 1.0, 3.0, 3.0, 2.0, 4.0, 4.0, 4.0, 5.0, 4.0, 3.0, 4.0, 3.0, 4.0, 4.0, 3.0, 2.0, 3.0, 4.0, 3.0, 3.0, 3.0, 3.0, 4.0, 3.0, 3.0, 3.0, 4.0, 4.0, 2.0, 4.0, 3.0, 4.0, 2.0, 4.0, 3.0, 5.0, 4.0, 2.0, 2.0, 3.0, 1.0, 4.0, 1.0, 4.0, 3.0, 3.0, 3.0, 4.0, 4.0, 4.0, 2.0, 4.0, 4.0, 3.0, 4.0]","[3.0, 3.0, 5.0, 3.0, 3.0, 3.0, 4.0, 4.0, 3.0, 3.0, 4.0, 5.0, 5.0, 3.0, 4.0, 3.0, 4.0, 4.0, 3.0, 3.0, 2.0, 4.0, 4.0, 3.0, 4.0, 3.0, 4.0, 2.0, 3.0, 3.0, 4.0, 4.0, 2.0, 2.0, 2.0, 3.0, 3.0, 5.0, 2.0, 4.0, 1.0, 3.0, 3.0, 2.0, 4.0, 5.0, 4.0, 4.0, 2.0, 4.0, 3.0, 4.0, 3.0, 3.0, 3.0, 3.0, 4.0, 1.0, 3.0, 3.0, 5.0, 4.0, 4.0, 4.0, 4.0, 4.0, 5.0, 3.0, 2.0, 2.0, 4.0, 4.0, 2.0, 4.0, 4.0, 4.0, 2.0, 4.0, 1.0, 4.0, 4.0, 1.0, 4.0, 5.0, 4.0, 2.0, 4.0, 3.0, 1.0, 3.0, 3.0, 1.0, 4.0, 4.0, 1.0, 5.0, 4.0, 1.0, 4.0, 3.0, 4.0, 4.0, 4.0, 3.0, 4.0, 5.0, 3.0, 3.0, 3.0, 4.0, 4.0, 2.0, 3.0, 3.0, 4.0, 4.0, 2.0, 5.0, 5.0, 4.0, 3.0, 4.0, 4.0, 5.0, 4.0, 1.0, 3.0, 3.0, 4.0, 4.0, 2.0, 4.0, 1.0, 3.0, 3.0, 4.0, 5.0, 4.0, 3.0, 5.0, 4.0, 4.0, 4.0]","[[0.03524396892997055, 0.1652763428907194, 0.7726685128757684, 0.024205443322684345, 0.0026057319808573225], [0.009165341569635612, 0.06065027329679534, 0.7618728652257618, 0.16515770692601367, 0.0031538129817936496], [0.011904217312592114, 0.01261349311308157, 0.08498811153083899, 0.6045498822085605, 0.28594429583492625], [0.008157560604118975, 0.05684998705797673, 0.7569237947944774, 0.17550252704045086, 0.0025661305029758127], [0.012479375595575395, 0.09575484469304704, 0.8575003585487658, 0.032865251153332324, 0.0014001700092795835], [0.028231858635375667, 0.12442650760398104, 0.8229310736162807, 0.022199146291889335, 0.002211413852473687], [0.007073769819300272, 0.010370281526564325, 0.09408123931543716, 0.8716564001211458, 0.01681830921755283], [0.007168396779043838, 0.015274928845838743, 0.15265225429481877, 0.7832480536109869, 0.04165636646931161], [0.02059536085314952, 0.11903271117765116, 0.8322601732617748, 0.025825200772896215, 0.002286553934528644], [0.03063239502187096, 0.1627615507716284, 0.7784302388683068, 0.025753344812844033, 0.002422470525349937], [0.007084616571072986, 0.016051012757107987, 0.11404619543656248, 0.8163686721623932, 0.046449503072863246], [0.007918616054789598, 0.01520179354849395, 0.1108232959591254, 0.7693464706103181, 0.09670982382727344], [0.013068207057223039, 0.015635527753545934, 0.12515654502622886, 0.6781561405491311, 0.16798357961387098], [0.01266572046149456, 0.10238976335946014, 0.7875335280683036, 0.09538921098631194, 0.002021777124430091], [0.006838753285325035, 0.011205221114301635, 0.09554926815802192, 0.826969268070748, 0.059437489371603626], [0.05034182979318549, 0.20226190474703656, 0.7231088130466886, 0.020778751438898388, 0.0035087009741907003], [0.006978400793222073, 0.03142887031798822, 0.4038556626792308, 0.5480957868042069, 0.009641279405351894], [0.007115009018813643, 0.015216870731193832, 0.07498953731363464, 0.8670230127526943, 0.035655570183663346], [0.008605959461278428, 0.056451389709098056, 0.6654798738290042, 0.2666004330460976, 0.002862343954521474], [0.012690182884862638, 0.09209273531305509, 0.8650636226007696, 0.02871336782234428, 0.0014400913789682974], [0.06711653983458143, 0.35582398242340274, 0.543901504022892, 0.02757255441274975, 0.005585419306374293], [0.006651078193522864, 0.031261664855533375, 0.46345984445420696, 0.4883777864738716, 0.010249626022864907], [0.005618047834107916, 0.012756010881862321, 0.07238894257140781, 0.8749475022241388, 0.03428949648848305], [0.01180929428983319, 0.09540521485966491, 0.8360627913484373, 0.05542466122942596, 0.001298038272638676], [0.008736512373257144, 0.01333296361988873, 0.10146961266495318, 0.8237044907181617, 0.052756420623739426], [0.007897806136379346, 0.04508002064311701, 0.6762572661917853, 0.2655768632424041, 0.005188043786314108], [0.00853106423582143, 0.01761346996169223, 0.26105718716486126, 0.6847451727483592, 0.02805310588926598], [0.05573600210015821, 0.24599795274598696, 0.6729408628017031, 0.021617077380369082, 0.0037081049717828363], [0.01100139884181681, 0.04924415943177228, 0.6854954283047512, 0.25156692145711745, 0.0026920919645430246], [0.031995753883487514, 0.12448901768287213, 0.8149138387174174, 0.02582546769627526, 0.0027759220199477627], [0.007397119367354239, 0.016785016288328496, 0.24590678525907955, 0.7195368672919739, 0.010374211793263834], [0.006385897467779967, 0.01989227042744205, 0.259473378128148, 0.6934077647380102, 0.020840689238619366], [0.0901504428101897, 0.3913763219639908, 0.4928981004606209, 0.0204760053598763, 0.0050991294053222115], [0.07506281149451688, 0.2789353099575278, 0.621308001765333, 0.020431148492373322, 0.0042627282902490595], [0.07444857618517894, 0.36573563885704874, 0.532477316712638, 0.02267313365859952, 0.004665334586535029], [0.034810794826659906, 0.15456870579144116, 0.7773136024850119, 0.030129015622722178, 0.0031778812741644446], [0.023759258963136295, 0.11116876249394315, 0.8197800905058575, 0.04268255898844791, 0.0026093290486148618], [0.0069855618304759904, 0.012935813182633019, 0.0755283133780991, 0.7390884121106737, 0.165461899498118], [0.11650053914332319, 0.4361459694771636, 0.4100589855808968, 0.02965061994975229, 0.00764388584886449], [0.005817756236771414, 0.013755995874804645, 0.07171804666049408, 0.8290308614605257, 0.07967733976740429], [0.07907256086250075, 0.3966088521166935, 0.477903993326713, 0.03872523079902713, 0.007689362895065491], [0.008313692365849423, 0.04171484956958329, 0.6247919596597457, 0.3153136246043761, 0.00986587380044513], [0.03375236209469151, 0.16293208317047977, 0.777851509677737, 0.02283724951819607, 0.0026267955388958298], [0.05433627298905419, 0.2572078996604804, 0.6611363176136325, 0.02334589441151123, 0.0039736153253216635], [0.007928933893247255, 0.01702464819774337, 0.20865244764583657, 0.750397664416139, 0.01599630584703403], [0.007720715249449909, 0.024890228281959807, 0.1597089443067421, 0.642630297900501, 0.16504981426134696], [0.0068061147066071, 0.012444375787233668, 0.09606597225526581, 0.8624233258804848, 0.02226021137040873], [0.007232720691819795, 0.012117017880266368, 0.08676960883648947, 0.8376358141207817, 0.05624483847064256], [0.08149249701109718, 0.42351189965643543, 0.45275228153574104, 0.03470601504873888, 0.007537306747987558], [0.009363819689512397, 0.021992393140875886, 0.20768560560721272, 0.7380913352307925, 0.02286684633160683], [0.011091338458197863, 0.08476351878604402, 0.8564824853284436, 0.046194009687769, 0.001468647739545584], [0.011610629226865118, 0.037219861704806526, 0.48979477328155807, 0.4169672955980969, 0.04440744018867341], [0.02265802450765845, 0.12703908616848691, 0.8114980662741604, 0.03647628281609005, 0.002328540233604008], [0.024807818473320045, 0.14262539392822676, 0.8068391293931725, 0.023439198564241627, 0.0022884596410387347], [0.033822274606701966, 0.18469987385432043, 0.7286065272350486, 0.0493071301823405, 0.0035641941215885493], [0.020134036512970927, 0.13848229603748471, 0.8077550138605035, 0.03008464648118743, 0.003544007107853543], [0.008199987099586043, 0.011463610092866788, 0.11605309473518981, 0.8508998703951235, 0.01338343767723391], [0.12691999925967984, 0.44714079687821123, 0.3864940776504833, 0.030002278932168166, 0.009442847279457501], [0.014992356662571177, 0.10624717243343161, 0.8505208249698183, 0.026563842120069275, 0.0016758038141097573], [0.02879951121146138, 0.16691675843543316, 0.7623906002406327, 0.03892972349252008, 0.002963406619952396], [0.007084617211120601, 0.011142481303697995, 0.06308719995425854, 0.7320376682885645, 0.1866480332423583], [0.008571683068963415, 0.026311862411718248, 0.29062136877076944, 0.6663845387430175, 0.008110547005531484], [0.008205504607847483, 0.0357234993488489, 0.33280072012120326, 0.612807745108751, 0.010462530813349078], [0.0064124590498848355, 0.016416794018792848, 0.08579817333185746, 0.8529955554648526, 0.03837701813461261], [0.008890606340575704, 0.011148603112155264, 0.1132137734596838, 0.8334211261026054, 0.03332589098497992], [0.008472412708885093, 0.013591659775178256, 0.08669087897229165, 0.7975663178538791, 0.09367873068976587], [0.006213335580685636, 0.012949791133320267, 0.07342522091242609, 0.7494691977926655, 0.15794245458090272], [0.007686930308465655, 0.050912242287126264, 0.6836908496624754, 0.25052638089139573, 0.0071835968505367925], [0.10569691272363499, 0.4323611681100268, 0.4331762360543452, 0.02308554921704954, 0.005680133894943209], [0.07069474372502019, 0.26403801831219903, 0.6256761880552447, 0.033066211037605125, 0.006524838869930893], [0.009940094932622172, 0.03950488924654333, 0.15006412780646997, 0.7829991731287909, 0.017491714885573495], [0.006564154267988265, 0.011315521412228847, 0.0888495736124629, 0.8493442539073874, 0.0439264967999325], [0.05935650410626951, 0.23295647153348473, 0.6818508125214665, 0.022080146167102438, 0.0037560656716769695], [0.005948149054459511, 0.009671289656252649, 0.06320801431393676, 0.8654083073839659, 0.055764239591384386], [0.005506295090092562, 0.01637983643268615, 0.08334537969991457, 0.8746310528651722, 0.020137435912134526], [0.006697841093817846, 0.009887402441424203, 0.07509809697922756, 0.8173920527914651, 0.09092460669406541], [0.08761013045697687, 0.38012436723515935, 0.485609239637624, 0.038195317008168056, 0.008460945662071744], [0.00629570296050902, 0.015495045527247175, 0.11504453028711335, 0.82966009668715, 0.03350462453798039], [0.12015762894941719, 0.43715619103356423, 0.3969074754518155, 0.03591263753954063, 0.009866067025662449], [0.010820879127720735, 0.04027938513240132, 0.12739128021153479, 0.7881477450490507, 0.03336071047929227], [0.014115347852217458, 0.04825436996951076, 0.3705428078787794, 0.5527251648205807, 0.01436230947891179], [0.11740057222507463, 0.47833576254911303, 0.37269621920466, 0.024213399131055767, 0.007354046890096454], [0.006207988633130943, 0.011542382336690884, 0.07415241238750814, 0.8262641066383068, 0.08183311000436312], [0.007716814938311266, 0.01463226874601954, 0.1422571540001652, 0.7483495520650832, 0.08704421025042078], [0.006480270634595303, 0.027231879137428753, 0.37360289823335013, 0.568180458544428, 0.024504493450197538], [0.09026009760367762, 0.35339517678944216, 0.5248226863307257, 0.0259409278369067, 0.005581111439247891], [0.007923057370155983, 0.010988079478641348, 0.08465818060604387, 0.8402540309598104, 0.05617665158534818], [0.010413333292657903, 0.07936191688123256, 0.8042872343728139, 0.1040617127055972, 0.0018758027476982603], [0.1423944264257941, 0.45531587545786634, 0.3637262872001876, 0.027598454119496057, 0.010964956796655996], [0.03646020527288752, 0.1581678641819326, 0.7782976566519828, 0.02367947343236773, 0.0033948004608293962], [0.028338629530351732, 0.1305464688318243, 0.8031331489586205, 0.03542658032168756, 0.0025551723575158954], [0.11401241709183504, 0.4707147804685006, 0.374842611289664, 0.030481435131783162, 0.009948756018217299], [0.006254936996829748, 0.013774829518341193, 0.08000200060558033, 0.8295186941985664, 0.07044953868068231], [0.005224500643829711, 0.013387990376473596, 0.05856232241444138, 0.8685903401582791, 0.05423484640697656], [0.07569055957765852, 0.2854403224121333, 0.6141346056942493, 0.019534965743111192, 0.005199546572847714], [0.009802772249346926, 0.016855489510443373, 0.09522942875720855, 0.7876827626194343, 0.09042954686356686], [0.006406331500969382, 0.00992769634815075, 0.07604554855555809, 0.8683229882471744, 0.03929743534814715], [0.10178447266758557, 0.48803997267658344, 0.3735811595089673, 0.028875195430133314, 0.007719199716730584], [0.005353248166380588, 0.014501952152764152, 0.08466888017236855, 0.8784045585058623, 0.017071361002624366], [0.008094896170898461, 0.03804778284187328, 0.6258827470565874, 0.32043184039368633, 0.007542733536954474], [0.00598926260876869, 0.011425037942087162, 0.11431134938196205, 0.7950417007575558, 0.07323264930962618], [0.0058405343176772245, 0.011518868365418242, 0.06386199113043384, 0.8484673976754694, 0.07031120851100126], [0.008382544781245836, 0.03104243772614221, 0.46386896003481426, 0.4802145813504654, 0.016491476107332103], [0.04747697096971792, 0.2054077824383308, 0.7210680150175979, 0.022983200238006644, 0.003064031336346417], [0.01646265015140163, 0.014788200822937433, 0.18373105372325838, 0.7697744980253131, 0.015243597277089866], [0.007741783534876019, 0.012657291412366553, 0.07478626253683988, 0.68319781815848, 0.22161684435743734], [0.013270977178690557, 0.09910111504098881, 0.7783356307611666, 0.10663136840383156, 0.002660908615322216], [0.014989143133818819, 0.10744656919457052, 0.7714469292759807, 0.10282597111759878, 0.0032913872780313933], [0.010899615067653344, 0.08674409455943279, 0.7557284506725791, 0.14327927629313555, 0.0033485634071996717], [0.00660845861767333, 0.031751346850702175, 0.41046499715514234, 0.5351835977997722, 0.015991599576710112], [0.0073709771694398605, 0.025012641834767466, 0.33548932832227885, 0.6150763148608881, 0.017050737812625893], [0.06470026189892342, 0.333673492772954, 0.5650423424221566, 0.03088451465759869, 0.005699388248367177], [0.047586123753019474, 0.21737566205587758, 0.7020316180020999, 0.028939536037719187, 0.004067060151283897], [0.010341262019122367, 0.06642040748497477, 0.6543879899255554, 0.265870474245188, 0.0029798663251596317], [0.005681150027182047, 0.016573880173316447, 0.13287167185141996, 0.7953059470261831, 0.04956735092189893], [0.008078573416331192, 0.031496884539516004, 0.09448917817945102, 0.8219552569826368, 0.04398010688206495], [0.07012910805818848, 0.3127263158882277, 0.5933038399448869, 0.0196864419512278, 0.004154294157469339], [0.011142133297999781, 0.01515573822250328, 0.15263630212742835, 0.7368377809465796, 0.08422804540548937], [0.006197557526634776, 0.016654901183615733, 0.05570600422871517, 0.7854828887937488, 0.13595864826728588], [0.007498829327733069, 0.015314193481996712, 0.08365968941209137, 0.8685990632375185, 0.024928224540660276], [0.012322097483025643, 0.10103206796399429, 0.8532989813084592, 0.03193381950584458, 0.0014130337386765075], [0.008463271601338057, 0.03472660477600317, 0.14491550805817732, 0.7891602990215152, 0.022734316542966048], [0.00782118297806603, 0.04262261736264868, 0.503644141205821, 0.43654313029756503, 0.009368928155899436], [0.008564046987888131, 0.022698987349703197, 0.07150856072005735, 0.6161121639068907, 0.2811162410354607], [0.005813929618870035, 0.01172019255437871, 0.07100169224967609, 0.8451883352715988, 0.0662758503054766], [0.08946610415454065, 0.42924239550445586, 0.442210068780441, 0.031603746547527435, 0.007477685013034947], [0.008992946962938012, 0.06891175548813423, 0.7579546932147352, 0.16126481073778845, 0.0028757935964039295], [0.007308620081767059, 0.04488247600913808, 0.6000598882401135, 0.3413629734415619, 0.006386042227419529], [0.008520952257756322, 0.04569573879696659, 0.4010454369551843, 0.5379663897292952, 0.006771482260797323], [0.00808883890524561, 0.027208159956862547, 0.1461771508249241, 0.8067589977614964, 0.01176685255147132], [0.10544478229612647, 0.38732136540535245, 0.46920817340704113, 0.030820097686162475, 0.007205581205317754], [0.005491261957742459, 0.01948639101561566, 0.10692392981408673, 0.8384689507106244, 0.029629466501930365], [0.10697051081973652, 0.45352279386253763, 0.40397235625667544, 0.028120503112387722, 0.00741383594866268], [0.0208000091239619, 0.11607244411357302, 0.8322346922899773, 0.02888725946032941, 0.0020055950121582156], [0.014211511121572734, 0.09492683744046411, 0.8507586425884877, 0.038149583857003504, 0.001953424992471959], [0.005544703077770422, 0.020283074331505904, 0.07369329639423072, 0.853072758783377, 0.047406167413115756], [0.009556967253473329, 0.029837898303768196, 0.17053546418305773, 0.6473154217972801, 0.14275424846242055], [0.006671775155100251, 0.031374027976192966, 0.32828176012150545, 0.6215525771538882, 0.012119859593313135], [0.01100199002373091, 0.07931469460062007, 0.8008600631989671, 0.10430182493167539, 0.00452142724500661], [0.007983226281989712, 0.013921491994704742, 0.09233470400269171, 0.612158100540047, 0.27360247718056685], [0.005789901747971327, 0.01788315218086782, 0.2061490955103289, 0.7360568097844113, 0.0341210407764206], [0.0070244767899592855, 0.015130774115549212, 0.1397810298254385, 0.7913055225263632, 0.046758196742689696], [0.009638617271937322, 0.04459283257932072, 0.4178055926087373, 0.5088729357094516, 0.019090021830553278]]"
