Classifier,Fold,Repeat,y_val,y_pred,y_prob
SVM,1,1,"[4.0, 3.0, 4.0, 4.0, 4.0, 3.0, 3.0, 4.0, 4.0, 3.0, 4.0, 2.0, 4.0, 2.0, 4.0, 4.0, 4.0, 4.0, 4.0, 2.0, 5.0, 4.0, 4.0, 3.0, 3.0, 4.0, 3.0, 4.0, 4.0, 3.0, 2.0, 4.0, 4.0, 4.0, 3.0, 4.0, 4.0, 4.0, 2.0, 4.0, 4.0, 3.0, 3.0, 3.0, 3.0, 4.0, 4.0, 4.0, 4.0, 4.0, 3.0, 2.0, 4.0, 2.0, 3.0, 2.0, 4.0, 4.0, 4.0, 5.0, 4.0, 4.0, 4.0, 3.0, 4.0, 5.0, 2.0, 4.0, 4.0, 4.0, 4.0, 5.0, 4.0, 4.0, 4.0, 4.0, 4.0, 3.0, 1.0, 4.0, 4.0, 4.0, 4.0, 2.0, 4.0, 4.0, 3.0, 4.0, 4.0, 5.0, 3.0, 4.0, 3.0, 4.0, 1.0, 3.0, 2.0, 4.0, 4.0, 4.0, 4.0, 3.0, 2.0, 4.0, 4.0, 4.0, 4.0, 4.0, 3.0, 4.0, 4.0, 3.0, 3.0, 3.0, 3.0, 4.0, 3.0, 4.0, 4.0, 4.0, 3.0, 4.0, 4.0, 3.0, 4.0, 3.0, 3.0, 4.0, 4.0, 1.0, 3.0, 3.0, 1.0, 4.0, 3.0, 4.0, 3.0, 4.0, 4.0, 4.0, 2.0, 4.0, 4.0, 4.0]","[3.0, 4.0, 4.0, 4.0, 4.0, 4.0, 4.0, 4.0, 4.0, 3.0, 4.0, 2.0, 4.0, 2.0, 4.0, 4.0, 5.0, 4.0, 3.0, 2.0, 4.0, 4.0, 4.0, 3.0, 2.0, 4.0, 2.0, 3.0, 4.0, 3.0, 2.0, 4.0, 4.0, 4.0, 3.0, 4.0, 4.0, 4.0, 4.0, 3.0, 5.0, 3.0, 4.0, 3.0, 5.0, 4.0, 4.0, 5.0, 4.0, 4.0, 3.0, 1.0, 4.0, 3.0, 1.0, 2.0, 2.0, 4.0, 4.0, 4.0, 3.0, 4.0, 4.0, 4.0, 3.0, 5.0, 3.0, 5.0, 4.0, 3.0, 4.0, 5.0, 4.0, 4.0, 4.0, 4.0, 4.0, 2.0, 3.0, 4.0, 4.0, 4.0, 4.0, 1.0, 4.0, 4.0, 4.0, 4.0, 4.0, 5.0, 3.0, 4.0, 2.0, 3.0, 2.0, 1.0, 4.0, 4.0, 3.0, 4.0, 5.0, 2.0, 3.0, 4.0, 4.0, 4.0, 3.0, 5.0, 4.0, 4.0, 4.0, 3.0, 2.0, 3.0, 1.0, 4.0, 3.0, 4.0, 4.0, 4.0, 3.0, 4.0, 4.0, 3.0, 4.0, 2.0, 3.0, 4.0, 4.0, 2.0, 3.0, 3.0, 3.0, 4.0, 3.0, 4.0, 3.0, 4.0, 2.0, 4.0, 1.0, 3.0, 3.0, 4.0]","[[0.015949630306174502, 0.05452763527100634, 0.7217391583602196, 0.20325056837307376, 0.004533007689525982], [0.010379838015080382, 0.021457956291781908, 0.20358048133905396, 0.7501274588286014, 0.014454265525482029], [0.004009287256088943, 0.012966228220063103, 0.16338524467381185, 0.7853333597262252, 0.034305880123810945], [0.005128607480524913, 0.005877934285849477, 0.04865121519411126, 0.9157063297865154, 0.024635913252998545], [0.0026364186507300794, 0.006570636576882515, 0.06221063815499226, 0.8699865324407348, 0.05859577417666061], [0.002890353080209761, 0.0064020865430785496, 0.042583330517769934, 0.8910959957363402, 0.05702823412260164], [0.004224928909304034, 0.00561230404254333, 0.03712944485763785, 0.9196937210490964, 0.03333960114141814], [0.00498122748263964, 0.016585869806245507, 0.1464111477486502, 0.7683754568373167, 0.06364629812514808], [0.005540844443729644, 0.009200447665687395, 0.09408190285036686, 0.8725443192932387, 0.01863248574697754], [0.00966060102264576, 0.0309576678675239, 0.3774603238214121, 0.5709459902006531, 0.010975417087764954], [0.0033764444270151833, 0.004599555171610365, 0.045243290381480374, 0.8753253008593462, 0.07145540916054799], [0.0670009282527619, 0.32372750554962576, 0.5339796008192265, 0.0688673263104156, 0.006424639067970368], [0.005542062253770729, 0.008000163056502245, 0.12090990994558276, 0.8540317624360095, 0.011516102308134903], [0.06697843332580304, 0.296226857780762, 0.5491771236909374, 0.07908240614888308, 0.008535179053614079], [0.005453749909885325, 0.018612468955944192, 0.08481608814233488, 0.8340228348426817, 0.057094858149154], [0.004238618308779785, 0.006126943477257099, 0.04005144441528955, 0.878818840108459, 0.07076415369021455], [0.010742167718543767, 0.0095404964481115, 0.04257291495227307, 0.7232674845272589, 0.21387693635381302], [0.006677567755739695, 0.004425651498595828, 0.06458537336725378, 0.8907015779831349, 0.033609829395275875], [0.01922802036278131, 0.07316027287395692, 0.45655450068594466, 0.40488879960067764, 0.04616840647663912], [0.06956821383018204, 0.3501720349413723, 0.4869209198619803, 0.08406876077058825, 0.009270070595877061], [0.016304097944109645, 0.016439298915707893, 0.1577129560404839, 0.6719120246932619, 0.13763162240643656], [0.005878491049532223, 0.013170910747817592, 0.10813363604482418, 0.7338797988766759, 0.1389371632811504], [0.0034835291461992463, 0.007530951627367151, 0.08535813969983067, 0.8517978129340505, 0.05182956659255256], [0.02438244359792917, 0.11859075839389124, 0.6486744805331661, 0.2011909490161945, 0.007161368458819547], [0.06700201889196546, 0.3394545843526399, 0.5046958053171362, 0.08007974330717954, 0.008767848131078773], [0.005904912300528658, 0.009304029802513018, 0.12221134733996072, 0.8339129413176771, 0.028666769239320575], [0.0627550616514516, 0.25878918018306735, 0.5973471655098194, 0.07375151079772028, 0.007357081857941539], [0.01763495819646813, 0.047298665846498646, 0.6375010041839932, 0.28815211245750577, 0.009413259315533879], [0.0034191412097866326, 0.00525285348142451, 0.07248533370194504, 0.8600777979463797, 0.05876487366046405], [0.01380372345069098, 0.0351187895499592, 0.5597167519223201, 0.3799724335927212, 0.011388301484308506], [0.03687666113021074, 0.294880935940927, 0.5286604226753607, 0.12194343474367855, 0.0176385455098232], [0.008139038280604312, 0.004306842176790026, 0.01978844235140538, 0.8855119127177353, 0.08225376447346533], [0.0027899274511606026, 0.00882566548210834, 0.04778327548997847, 0.8781614826911827, 0.06243964888556982], [0.018843258356746138, 0.08681583120678199, 0.2952812319068569, 0.5731853281413168, 0.02587435038829806], [0.010322795942967936, 0.030954760476986143, 0.4236799541753603, 0.514102523811819, 0.020939965592866348], [0.008479927168308345, 0.004211203024224908, 0.046590823357624156, 0.9005381721354676, 0.040179874314375176], [0.005614721754946957, 0.008943982582288533, 0.12408178748443707, 0.8491395140259463, 0.012219994152381118], [0.0056574416538838984, 0.006587366239920077, 0.06668899102837549, 0.87097955174229, 0.050086649335530864], [0.008491642376276165, 0.00950883075677178, 0.14100514659868163, 0.8307292869698517, 0.010265093298418645], [0.009040687132275795, 0.029438944529789474, 0.46201875957264055, 0.4825338890003397, 0.016967719764954533], [0.0020679790361353054, 0.006419030529046896, 0.04492513568783987, 0.7686873426306036, 0.17790051211637442], [0.011421518829711569, 0.04960266581413982, 0.5014287649281776, 0.4224944470011747, 0.015052603426795742], [0.004603523658400446, 0.014737869531152376, 0.19268717500894805, 0.7640980991848317, 0.02387333261666749], [0.012183278686882869, 0.040618876268522196, 0.5242635905660661, 0.4019843586949434, 0.020949895783585477], [0.003718342572608723, 0.007139218358302852, 0.04848351478174942, 0.7745951369653633, 0.1660637873219756], [0.0033607827281684935, 0.006414468529207388, 0.048081340040527096, 0.8913934493494378, 0.0507499593526598], [0.005952399787585363, 0.004689327546810137, 0.05511182089949744, 0.9063496158086651, 0.027896835957442027], [0.0032095336531205916, 0.008144607822468721, 0.018836661473023895, 0.4781253083762665, 0.4916838886751207], [0.004531069708299264, 0.012896231077122712, 0.1838242953875192, 0.7780717537847122, 0.020676650042346346], [0.006031126157053957, 0.004795180513551763, 0.04639837552121929, 0.9217070175969929, 0.02106830021118178], [0.038476159849844024, 0.11623578724435914, 0.6347840838145091, 0.2001051702611357, 0.010398798830152323], [0.0717085016884008, 0.35747761865802424, 0.45687755744528524, 0.10227129772329158, 0.01166502448499828], [0.0041311228370092355, 0.010632541552175884, 0.09465214426487137, 0.8450759396165132, 0.04550825172943025], [0.02269914672653808, 0.11821637306867501, 0.4357753261759447, 0.38427895550886687, 0.03903019851997538], [0.055793145943958275, 0.17327672895660223, 0.7073218404818588, 0.0593501282914094, 0.004258156326170973], [0.04229512385358883, 0.3083430474133761, 0.5365843316906155, 0.09799798413455232, 0.014779512907867361], [0.06950690874104813, 0.3579318465026884, 0.49983763622765537, 0.06645221764766127, 0.006271390880947106], [0.01573382462020729, 0.00827708812111942, 0.04498530576127405, 0.8969035751004697, 0.03410020639692948], [0.007614213829634025, 0.004932672862365675, 0.030328077117387803, 0.8846961801717921, 0.07242885601882032], [0.005218543947008245, 0.005951099467126609, 0.02071970481449023, 0.8199202168115567, 0.1481904349598182], [0.01476024960206572, 0.05069004068858056, 0.6331488315980925, 0.29621441497023143, 0.005186463141030172], [0.010170421569726983, 0.008742480556525671, 0.1060819256340418, 0.8564505714501823, 0.01855460078952343], [0.008316515160933142, 0.014401100367870762, 0.10568248292404599, 0.8125542299153671, 0.05904567163178301], [0.006304394752061821, 0.02313786520560282, 0.3035860985891043, 0.648272601775699, 0.018699039677532232], [0.014079371543624942, 0.0516377448124529, 0.6249171375129347, 0.30396045643224767, 0.005405289698740053], [0.0026569106648527876, 0.00459413242955484, 0.01517412014628664, 0.39089719492036995, 0.5866776418389359], [0.022612416375390708, 0.11635827453584659, 0.4431411002213441, 0.37919669562429426, 0.038691513243124254], [0.0042243362936909236, 0.00723265223733822, 0.03795629322024361, 0.7676249533543895, 0.18296176489433785], [0.004490084588715326, 0.008333962093828442, 0.13381603804306508, 0.8262409984804449, 0.027118916793946485], [0.008874610276600244, 0.021870774859945277, 0.4628688596553333, 0.4784046796426234, 0.027981075565498], [0.004107072418565546, 0.007249895144085218, 0.047817769259145514, 0.9034121406355935, 0.03741312254261023], [0.010714822388053184, 0.011171316396631452, 0.03462216863802566, 0.5536098432906761, 0.38988184928661385], [0.01050553052690797, 0.004622131085615754, 0.03147851954496694, 0.8962341384946498, 0.05715968034785918], [0.002710307088066001, 0.005537498896289055, 0.03407091962377475, 0.8884290355506518, 0.06925223884121805], [0.004083428031978013, 0.006056668617191072, 0.02574007144522899, 0.9141431528637728, 0.04997667904182921], [0.004542320068513841, 0.012012507678079775, 0.12202907600480775, 0.8056514098543872, 0.0557646863942114], [0.016169866003844426, 0.008653979760235606, 0.06089209811328846, 0.8929423703245327, 0.021341685798099044], [0.05058789506985895, 0.19588835535841373, 0.6770654178780495, 0.07301285023866469, 0.003445481455013387], [0.022699146726533753, 0.11821637306859553, 0.43577532617596604, 0.38427895550892427, 0.039030198519980346], [0.004443752383297518, 0.006489604965901992, 0.048584058899637544, 0.9036768842230386, 0.03680569952812425], [0.004212108921569208, 0.006685721952117556, 0.08138275655522013, 0.8809950197499418, 0.026724392821151497], [0.0038328750771878654, 0.010301288599353817, 0.12986370685157764, 0.8410303154413169, 0.014971814030564285], [0.003870576180578059, 0.00888749520577455, 0.1329411198529033, 0.797058565395687, 0.057242243365056955], [0.06392894209920758, 0.26823037259460963, 0.5995840575306819, 0.06132046885802806, 0.006936158917472926], [0.0030372293298773956, 0.007775015356315099, 0.04811397205111986, 0.9060620261678648, 0.03501175709482319], [0.009311447195463696, 0.00908730962484855, 0.08628442790442041, 0.8605200330900246, 0.03479678218524278], [0.005069228350107599, 0.0069765112575437835, 0.09255483801789888, 0.7931212461650583, 0.10227817620939128], [0.005408295875021661, 0.004942469485877929, 0.03418933916055394, 0.9246138072550752, 0.030846088223471072], [0.02066791790661654, 0.020074842881370052, 0.12502719871965023, 0.8226836154377466, 0.01154642505461661], [0.005152458585295972, 0.006688373160022798, 0.045914517042674574, 0.6794386424339803, 0.26280600877802657], [0.021788931720139286, 0.10163330229659528, 0.5034381683375119, 0.33643361830106894, 0.03670597934468469], [0.005460049486025745, 0.005173894795081083, 0.03425462087753602, 0.9039410152088089, 0.051170419632548585], [0.061927973927677016, 0.25215601178484653, 0.6158300839888692, 0.06336749532234259, 0.006718434976264351], [0.018983034877204753, 0.07191802413598487, 0.6756657624589599, 0.2191756079680483, 0.0142575705598022], [0.04627820742511233, 0.2722063324813215, 0.5578210172702661, 0.10901500200948042, 0.0146794408138196], [0.06546240233697535, 0.2914017574752277, 0.5690026143531419, 0.06679302530594554, 0.007340200528709088], [0.015821379959511793, 0.05801396934655479, 0.31326360567510336, 0.5375539412406443, 0.07534710377818585], [0.0035516747317013275, 0.007685735509771916, 0.09134772710659035, 0.8293171776473908, 0.06809768500454573], [0.011510780215866363, 0.03522378516326743, 0.5962309939700227, 0.34508312829688065, 0.0119513123539628], [0.005150097097504836, 0.004000963750355807, 0.023375254537046534, 0.907000197369891, 0.060473487245201935], [0.0028126027393815586, 0.011362316441244228, 0.06373829607638742, 0.7422758034241611, 0.17981098131882614], [0.06241128060366084, 0.2789189395299267, 0.5680121063530912, 0.0837367103877892, 0.006920963125532204], [0.02564428693184654, 0.08493521468709397, 0.538133107612298, 0.31218640557219346, 0.03910098519656789], [0.010408820563226789, 0.01137682991210157, 0.11000913882003029, 0.8384308076578576, 0.02977440304678394], [0.005899536707454356, 0.007599263314719695, 0.04003910362502703, 0.9178135276203354, 0.028648568732463908], [0.007203133498007786, 0.010104622483191376, 0.07759892629049431, 0.8784013989743792, 0.026691918753927266], [0.032367909675978766, 0.08703894433638625, 0.7254045691555634, 0.14697045231334563, 0.008218124518726215], [0.0194140298289155, 0.010801747090435306, 0.040251738944675826, 0.6737912082404381, 0.2557412758955352], [0.005096817133276863, 0.019128824654933155, 0.24956801679213697, 0.7112531411040802, 0.014953200315572852], [0.003820503707801482, 0.011747156946709416, 0.11055766173266081, 0.8393072929928689, 0.03456738461995949], [0.0025322514799549526, 0.005586917713629132, 0.022376393839056586, 0.8058872301992237, 0.16361720676813551], [0.055083293838316706, 0.17547055048483765, 0.6765821181780803, 0.08804442226247695, 0.0048196152362885245], [0.053484134404307854, 0.2818510267340319, 0.4720912213563843, 0.1729211470284814, 0.019652470476794224], [0.011008804568855462, 0.035596110004013706, 0.46504007024824523, 0.4806593662941713, 0.0076956488847143185], [0.06247316583125425, 0.26984819238433544, 0.6111956764794361, 0.051439344010113595, 0.005043621294860434], [0.0032422993731740556, 0.00759061913260372, 0.10045022978201086, 0.8324720249409184, 0.05624482677129311], [0.02532524013781857, 0.11677796543421029, 0.7132741548586081, 0.1390061469322456, 0.005616492637117079], [0.013059904668128824, 0.005367215105561189, 0.026154415036597392, 0.8681243056953284, 0.08729415949438452], [0.004225410053133267, 0.004402337592674816, 0.02408621810345465, 0.9312775844977762, 0.03600844975296105], [0.008885689668687871, 0.005356224790471479, 0.058755164353959596, 0.9019839151105338, 0.02501900607634715], [0.024827136388942746, 0.10279931775297325, 0.735245180131062, 0.13088787365167442, 0.006240492075347612], [0.01277593359439996, 0.02553999899523698, 0.07162018346393509, 0.8080029955778483, 0.0820608883685799], [0.00445669724574646, 0.007285225746838843, 0.02917943551127531, 0.9041186364709743, 0.05496000502516487], [0.05155632200175119, 0.14803620077730792, 0.7267801152864376, 0.06966255207586099, 0.003964809858642532], [0.004664992600836012, 0.005758111561235459, 0.027192905993850554, 0.869596561210026, 0.0927874286340518], [0.06227327297831634, 0.25928948292527765, 0.6096484563554524, 0.06384640013263872, 0.004942387608314797], [0.008468271427879131, 0.02312639981829527, 0.4070081168325986, 0.5320155304353459, 0.029381681485881148], [0.015375291826048151, 0.015634172842131054, 0.09452929506459834, 0.7599602052780082, 0.11450103498921436], [0.005302913436681522, 0.01689367555397615, 0.24702281734166395, 0.7121473394227787, 0.018633254244899592], [0.0627638439803394, 0.2493161197900751, 0.5969427095621734, 0.08208405853887848, 0.008893268128533492], [0.025890469954735283, 0.11999595948695413, 0.6585220572923567, 0.18680302126901227, 0.008788491996941563], [0.024985497595536393, 0.10050281091769592, 0.7066853393841922, 0.16257645572483465, 0.00524989637774108], [0.022709389158751543, 0.11840423289470031, 0.43572843756328694, 0.38413975716808485, 0.03901818321517659], [0.007779814391421517, 0.008239538483730068, 0.05138577303452382, 0.8254746589265036, 0.10712021516382075], [0.015716921054822298, 0.049437346330858424, 0.6460051786218491, 0.2788887602655414, 0.00995179372692875], [0.004333575670727449, 0.007882731848365992, 0.13599195595682423, 0.8282660348438661, 0.02352570168021604], [0.053661532046735766, 0.1620944817037291, 0.6982605885819577, 0.08132970849945012, 0.004653689168126952], [0.013254626488365893, 0.018857321666866517, 0.12831907176584795, 0.8177759277028122, 0.021793052376107794], [0.05761934375082861, 0.23077493293368775, 0.5985389477344679, 0.1062853520682656, 0.006781423512750404], [0.008639305145906877, 0.008175002320171992, 0.04088483252055142, 0.8547888263616061, 0.08751203365176363], [0.06687660397989502, 0.33007963801489065, 0.5442451518143403, 0.052353939932499365, 0.006444666258374606], [0.01827588560038443, 0.07055584087316544, 0.39774754258994693, 0.4363406617847814, 0.0770800691517217], [0.02226280051254361, 0.08556846965002095, 0.7146437714887328, 0.17146562896168657, 0.006059329387016304], [0.004559400144518758, 0.009827686709307865, 0.16410304237439183, 0.8097426206496664, 0.011767250122115294]]"
SVM,2,1,"[3.0, 2.0, 4.0, 5.0, 4.0, 4.0, 4.0, 4.0, 4.0, 3.0, 3.0, 3.0, 4.0, 4.0, 5.0, 4.0, 4.0, 5.0, 3.0, 4.0, 4.0, 4.0, 4.0, 4.0, 4.0, 4.0, 4.0, 3.0, 4.0, 4.0, 2.0, 3.0, 5.0, 4.0, 4.0, 3.0, 5.0, 4.0, 4.0, 3.0, 4.0, 4.0, 3.0, 4.0, 4.0, 5.0, 4.0, 4.0, 3.0, 3.0, 4.0, 4.0, 2.0, 3.0, 1.0, 4.0, 4.0, 3.0, 4.0, 3.0, 3.0, 4.0, 4.0, 3.0, 1.0, 4.0, 4.0, 3.0, 4.0, 4.0, 4.0, 3.0, 4.0, 4.0, 4.0, 3.0, 4.0, 4.0, 4.0, 4.0, 4.0, 4.0, 4.0, 4.0, 4.0, 4.0, 4.0, 2.0, 5.0, 3.0, 4.0, 3.0, 4.0, 2.0, 4.0, 4.0, 1.0, 3.0, 4.0, 3.0, 4.0, 4.0, 4.0, 4.0, 5.0, 3.0, 4.0, 4.0, 4.0, 4.0, 4.0, 3.0, 5.0, 3.0, 4.0, 4.0, 3.0, 4.0, 4.0, 3.0, 3.0, 3.0, 3.0, 4.0, 3.0, 3.0, 4.0, 4.0, 4.0, 4.0, 3.0, 3.0, 3.0, 4.0, 4.0, 4.0, 4.0, 2.0, 4.0, 3.0, 4.0, 5.0, 2.0, 4.0]","[3.0, 1.0, 3.0, 5.0, 4.0, 4.0, 4.0, 4.0, 4.0, 3.0, 3.0, 3.0, 4.0, 3.0, 5.0, 5.0, 4.0, 5.0, 2.0, 4.0, 4.0, 4.0, 4.0, 4.0, 4.0, 5.0, 4.0, 3.0, 4.0, 5.0, 2.0, 3.0, 5.0, 4.0, 4.0, 2.0, 5.0, 5.0, 3.0, 3.0, 4.0, 4.0, 1.0, 4.0, 5.0, 4.0, 4.0, 4.0, 4.0, 3.0, 2.0, 4.0, 1.0, 1.0, 1.0, 4.0, 4.0, 2.0, 4.0, 1.0, 3.0, 4.0, 3.0, 2.0, 2.0, 4.0, 4.0, 4.0, 5.0, 3.0, 5.0, 1.0, 4.0, 5.0, 4.0, 4.0, 4.0, 4.0, 4.0, 4.0, 4.0, 4.0, 5.0, 4.0, 4.0, 3.0, 5.0, 3.0, 4.0, 3.0, 4.0, 4.0, 4.0, 2.0, 4.0, 4.0, 2.0, 4.0, 4.0, 1.0, 4.0, 4.0, 5.0, 4.0, 5.0, 3.0, 5.0, 4.0, 4.0, 4.0, 5.0, 3.0, 5.0, 3.0, 4.0, 4.0, 4.0, 4.0, 4.0, 1.0, 3.0, 3.0, 1.0, 3.0, 2.0, 4.0, 4.0, 4.0, 4.0, 4.0, 3.0, 3.0, 3.0, 4.0, 4.0, 4.0, 5.0, 2.0, 5.0, 4.0, 5.0, 4.0, 1.0, 5.0]","[[0.013318172042432965, 0.04235464972723167, 0.5228546180879501, 0.41464251800665763, 0.006830042135727808], [0.06065950798216997, 0.26101284870509744, 0.5815595739135534, 0.08939855225794283, 0.00736951714123621], [0.031051815538751866, 0.18448761786032153, 0.4775975359017562, 0.2780266894651554, 0.02883634123401489], [0.002884178574039171, 0.006028943075388329, 0.015824954579040262, 0.29718091479764847, 0.6780810089738841], [0.007761364400466316, 0.010867739513444288, 0.07214285113962016, 0.8987662841805562, 0.01046176076591329], [0.007339946985188926, 0.008790436039857666, 0.044810503494546385, 0.88962783490355, 0.04943127857685698], [0.003795073667267184, 0.008053900266536256, 0.04306039989824339, 0.8310158413951271, 0.11407478477282572], [0.005433619279563958, 0.010276901039294583, 0.04453283371536862, 0.8698344373436273, 0.06992220862214571], [0.004318174084148893, 0.01056690892040616, 0.05457214588861068, 0.8723833363593263, 0.05815943474750831], [0.0119489164337103, 0.03242402006204613, 0.4384661433909774, 0.4958633369604636, 0.021297583152802564], [0.02451548967512277, 0.08919741296095056, 0.7004798398760398, 0.180088107065242, 0.005719150422644867], [0.05690298554782272, 0.21252370450946506, 0.6077006857883435, 0.11834695282343687, 0.004525671330931908], [0.005850936828587985, 0.01602276614252642, 0.10757680183090429, 0.8555903062350537, 0.014959188962927517], [0.008348140766145762, 0.024991850465747905, 0.3696424647073277, 0.5857394843498192, 0.011278059710959366], [0.024890919152373882, 0.08109915984557309, 0.298443648184593, 0.2498727834792462, 0.3456934893382139], [0.009511691284013548, 0.011006689591471129, 0.03666989145455118, 0.7146053536427791, 0.22820637402718524], [0.005898647805659109, 0.009534630655361486, 0.05925085691123382, 0.911867546032775, 0.01344831859497053], [0.0072183769052009805, 0.017380852826460992, 0.0458515522364161, 0.6130093508596646, 0.31653986717225713], [0.06589524003383668, 0.24146975636830809, 0.5945634493763716, 0.0936074925455413, 0.0044640616759420715], [0.00825074326720106, 0.013816613702456137, 0.10022604636734674, 0.8471009172153842, 0.030605679447612298], [0.00522443082702934, 0.009115366287414842, 0.04931912802776807, 0.8457356358898086, 0.09060543896797897], [0.006646949496931807, 0.012413547011694497, 0.10587238773014197, 0.8209383553708846, 0.05412876039034745], [0.011114523857834251, 0.028132018594116466, 0.2528166062377926, 0.6885271833811104, 0.01940966792914636], [0.006721448642284593, 0.00972424692913317, 0.057525371235808156, 0.8909142397924835, 0.035114693400290574], [0.005563445645256628, 0.00836013034325139, 0.0370572999183605, 0.837439999092017, 0.11157912500111433], [0.006109293431729122, 0.011374620301791883, 0.028918643623275654, 0.7090867724782344, 0.24451067016496922], [0.006095650856744869, 0.010980491689019342, 0.04572727719509188, 0.9040310994556032, 0.03316548080354056], [0.019788159509766805, 0.052960881398440456, 0.712255443696998, 0.20587976178821765, 0.009115753606577045], [0.005829880647612139, 0.010559177345844242, 0.05323841711072768, 0.873771224110594, 0.05660130078522219], [0.0030144220942126838, 0.007247855188166713, 0.030907540807115295, 0.2656536107964337, 0.6931765711140718], [0.061343204768773196, 0.2634512689994464, 0.5942534966199479, 0.07659126138504584, 0.004360768226786656], [0.028469147477023227, 0.05628258394697614, 0.7088215720014338, 0.1971391687810822, 0.009287527793484478], [0.005381478781968551, 0.011324335227445335, 0.039007973336306206, 0.521473507591623, 0.42281270506265684], [0.005564777329949481, 0.011523908955330685, 0.09804772046789523, 0.8548145806290691, 0.03004901261775543], [0.007464216116409526, 0.01171699320514757, 0.15247473114959267, 0.738903024863826, 0.08944103466502391], [0.0735086000041298, 0.40313176909281473, 0.44271852257898914, 0.0767707441093294, 0.0038703642147368705], [0.003925540367324885, 0.010670266753949187, 0.04872947845412398, 0.7065230463491831, 0.23015166807541895], [0.005038750440896683, 0.010150080553848287, 0.033710874539820856, 0.6750694952720557, 0.27603079919337875], [0.024715969588843523, 0.08592964941602198, 0.4431161639607674, 0.38283291680391446, 0.06340530023045247], [0.05120707033237875, 0.1440050860095825, 0.7019257461517452, 0.09931336942541338, 0.003548728080880327], [0.006229956156083453, 0.008718141971131245, 0.048607007760933095, 0.8972455138845833, 0.03919938022726881], [0.004707721080104211, 0.009345412645463042, 0.04477628240363058, 0.8998121455858208, 0.04135843828498133], [0.0679403481755488, 0.39901460915186115, 0.4556383875875064, 0.07294372312011697, 0.004462931964966871], [0.0053249036651532135, 0.015336109019939786, 0.0712740855541578, 0.80186840491177, 0.10619649684897955], [0.02684186616843491, 0.1256087485608122, 0.3666324550847595, 0.23484942675495304, 0.24606750343104036], [0.005107962821419096, 0.010224688456017915, 0.06051105478846145, 0.8552025471752134, 0.06895374675888818], [0.006423925700974157, 0.013588892020348634, 0.14338976347995225, 0.8095101274333696, 0.027087291365355235], [0.006432338836443438, 0.014055928872570072, 0.0760305258293856, 0.8890911381632381, 0.014390068298362481], [0.00561115707298299, 0.010389362540729835, 0.10701692595403761, 0.8319596509052682, 0.04502290352698116], [0.01837277413396848, 0.050487090253974284, 0.6619425662593315, 0.26376637770614686, 0.005431191646578309], [0.029301347442368807, 0.19168887054609063, 0.4059926919788119, 0.27565275322895805, 0.09736433680377063], [0.006516732871618281, 0.022487231469796035, 0.30674598821963106, 0.6506047211173536, 0.013645326321600863], [0.058203391103906564, 0.2582621429113601, 0.5692130269312644, 0.1068630417173343, 0.007458397336134406], [0.06467000143716387, 0.4513601614098048, 0.36206178188557775, 0.11333669605601436, 0.008571359211439178], [0.06164016607990682, 0.3717966307836879, 0.4616607157967457, 0.09713083558418677, 0.007771651755472586], [0.005529551260430517, 0.012429266926368893, 0.09846499393070385, 0.8114037923021813, 0.07217239558031616], [0.008013780622588522, 0.009341906654544109, 0.04015412333705173, 0.8977079862091416, 0.04478220317667445], [0.08030908105462499, 0.34711875853575264, 0.41557964184854124, 0.14271022880626608, 0.014282289754815417], [0.004794325446296123, 0.01801471100956209, 0.11782661710555989, 0.8131676517495167, 0.046196694689065045], [0.07502173346569535, 0.49005098258432883, 0.3165622160083694, 0.11048389000798783, 0.007881177933618465], [0.0200992954856554, 0.0647447819172446, 0.6475821241715589, 0.26193910297381306, 0.0056346954517281864], [0.006814868572380779, 0.010789002675026912, 0.08177445759223931, 0.883259013213553, 0.017362657946800128], [0.00964098664895412, 0.019827752402636418, 0.3374174686771439, 0.5859320552491729, 0.04718173702209295], [0.09355493424132054, 0.3831383558142003, 0.38920656449008956, 0.12305509175725944, 0.011045053697130292], [0.057491985031521094, 0.2697610068252954, 0.5835197215941783, 0.08274742614478293, 0.006479860404222448], [0.0033679609731600566, 0.006697043324416164, 0.027411223738309523, 0.893558287905135, 0.06896548405897887], [0.0057759210088367445, 0.008372575040257747, 0.038771265526090795, 0.8142343069140554, 0.1328459315107598], [0.0067660897654115565, 0.018218585534337268, 0.2362470377443765, 0.7260021034416653, 0.012766183514209415], [0.00830791863820882, 0.007865168499356716, 0.02799267376158556, 0.7521876387546742, 0.20364660034617468], [0.009667870646815012, 0.030061277696125047, 0.4358663361465065, 0.5118157834889427, 0.012588732021610954], [0.0033685863090427964, 0.014469662853833937, 0.06332296585201483, 0.76377985871607, 0.1550589262690387], [0.06594029531290749, 0.44646923832155355, 0.39097836325758417, 0.09138975930731227, 0.005222343800642346], [0.0058611969907537515, 0.009876992403442586, 0.054241621095019385, 0.897553923003149, 0.03246626650763543], [0.0034705434094396493, 0.009415819504092121, 0.03329490237836338, 0.7764051923800381, 0.17741354232806655], [0.01649784268129311, 0.029553017793371175, 0.10147528538633475, 0.8306653366432726, 0.02180851749572806], [0.006201217412473337, 0.009473114530859873, 0.03795679343064257, 0.875808523369317, 0.07056035125670686], [0.006363204630203417, 0.015604648798872429, 0.06254643787096048, 0.8878566219751514, 0.02762908672481198], [0.004794875699940017, 0.009892680534302143, 0.04263916990431264, 0.9014883711762736, 0.04118490268517178], [0.018492917799015872, 0.021394529132367564, 0.0727354105516296, 0.813743722131084, 0.07363342038590287], [0.007260992868600359, 0.009159293679034846, 0.030702316511293352, 0.8635830193549131, 0.08929437758615835], [0.004115945407433538, 0.011715820078941319, 0.07616743615791949, 0.8174597250231147, 0.09054107333259061], [0.004536150658018931, 0.009175843054641432, 0.061017531048712874, 0.8844974651323698, 0.04077301010625684], [0.006794373805048684, 0.012087788580498603, 0.029086503237069284, 0.27847226084479554, 0.6735590735325883], [0.006565369349220745, 0.008122232792615668, 0.034110145696892386, 0.8609357218874695, 0.09026653027380141], [0.005597649355505838, 0.008381947454091557, 0.053645074741010594, 0.9027445223370913, 0.029630806112300633], [0.01580127264635541, 0.04548047685588117, 0.6379241105457082, 0.29383293325331084, 0.0069612066987442415], [0.004182303335547516, 0.008195336269570449, 0.03523933670770767, 0.7494635479235751, 0.20291947576359937], [0.024322146643091805, 0.06122227691618859, 0.6963244477715357, 0.20938673956682105, 0.00874438910236279], [0.01047041512050754, 0.020752669612450782, 0.06592447937114555, 0.8798151478784084, 0.02303728801748743], [0.02609924423504158, 0.07331389383393053, 0.7025323931785907, 0.1908381631714769, 0.007216305580960476], [0.0056503184934191516, 0.018826090816864795, 0.07854895471611592, 0.8729605710126173, 0.02401406496098288], [0.0084111638910494, 0.011460383466925034, 0.06835945589033275, 0.8898665541959206, 0.021902442555771947], [0.023338856166565763, 0.03883383086849328, 0.14320250447334704, 0.7252301879821781, 0.06939462050941544], [0.0599537597681874, 0.330142624431138, 0.42849572712561274, 0.16851426756678498, 0.012893621108277025], [0.010421532377040054, 0.014330121114744696, 0.041949384532827906, 0.8780297300460199, 0.055269231929367314], [0.007976692090454849, 0.019605988033339617, 0.1329048189156345, 0.7674475713033343, 0.07206492965723663], [0.03066508320060739, 0.18979113017988045, 0.4006579654571263, 0.2900597260366556, 0.08882609512573011], [0.006480782245971907, 0.018174290246890563, 0.08382202929661352, 0.8111679461230916, 0.08035495208743232], [0.004461084577016128, 0.01022246388682541, 0.03501599892762135, 0.8766658790481421, 0.07363457356039511], [0.061038176512121615, 0.3794002891105996, 0.44602333116766973, 0.10590777115030259, 0.007630432059306582], [0.0045311892883341575, 0.014648472956443679, 0.10278735098627433, 0.8127439456056433, 0.06528904116330465], [0.004674606495056225, 0.0103648347311615, 0.07622668228447672, 0.8768808157378167, 0.031853060751489026], [0.016322428631299176, 0.00995046121910975, 0.026225421458880814, 0.49857290281138916, 0.448928785879321], [0.014292112096318834, 0.031212865049172478, 0.08980974040421584, 0.8305823348905254, 0.03410294755976709], [0.0050380456477703475, 0.015958728452036233, 0.08968874065629676, 0.7545677139747101, 0.13474677126918677], [0.05498450314042956, 0.18171169698400458, 0.6694379369773624, 0.08829856724188993, 0.00556729565631382], [0.005881287346380457, 0.0177899330272447, 0.08436133698626405, 0.5926801956112732, 0.2992872470288378], [0.01324001400010783, 0.03847644228884908, 0.0998109882502139, 0.7607615309544942, 0.08771102450633439], [0.0038056262107152806, 0.013322649818639575, 0.07165495224779803, 0.8853414288600354, 0.025875342862811856], [0.00508127230258541, 0.00934005907201677, 0.035202422100817844, 0.853303518283068, 0.09707272824151192], [0.008255389988984133, 0.007484021854812416, 0.03145322977164731, 0.7120620801332239, 0.24074527825133224], [0.021135479068862584, 0.06608285491097185, 0.6998771816011414, 0.2044424402167687, 0.008462044202255315], [0.004121016749946378, 0.014368362208401946, 0.05951741616233252, 0.6009301576228022, 0.32106304725651685], [0.0137908598259577, 0.031654093789226435, 0.4759081977369077, 0.4632217233669492, 0.015425125280959066], [0.0058696141546733405, 0.007904659536040103, 0.0379016570541779, 0.872230063360461, 0.07609400589464749], [0.007854485159025284, 0.02679804689070501, 0.3288723625327946, 0.6281456017384492, 0.008329503679025413], [0.006334763484134364, 0.020926142414655385, 0.31463173314763765, 0.6389163337838843, 0.01919102716968789], [0.01111782658619992, 0.014368613051829772, 0.06568620951538215, 0.8941587389468358, 0.014668611899751896], [0.007990734547105001, 0.017940729932441078, 0.07041895536777996, 0.8859123074557306, 0.017737272696943068], [0.06728319641640461, 0.39573219852741903, 0.3966130824432351, 0.13069934125486876, 0.009672181358072988], [0.01036024690057564, 0.03617221750580871, 0.3945906604552491, 0.5440010758289812, 0.014875799309385282], [0.00945364211510538, 0.02508122299536361, 0.3912329416791864, 0.5526718108114644, 0.02156038239888016], [0.06377142113531445, 0.32134694911870726, 0.5281522549720556, 0.08118832905607398, 0.005541045717848391], [0.012305647012752908, 0.02772466463486786, 0.43345098513890795, 0.5143119085977664, 0.012206794615704753], [0.0807102348039751, 0.4703545299024685, 0.32814595751030645, 0.11365640191111441, 0.007132875872135638], [0.004632513515847013, 0.014233071637045566, 0.10139971764951541, 0.8655889148499409, 0.014145782347650985], [0.005156063068082646, 0.0130197817216271, 0.13259127078650432, 0.8326766688539656, 0.016556215569820575], [0.008029945315425346, 0.02398160520109499, 0.26780815729977575, 0.6862672462228042, 0.013913045960899562], [0.007015483210281022, 0.022978443012707652, 0.09008203670355289, 0.770094751043847, 0.10982928602961146], [0.004596798737071725, 0.011343234991687259, 0.06640307596030591, 0.886557251638066, 0.031099638672869283], [0.010313656587078005, 0.03038226687009549, 0.44859414069284503, 0.49997773067274204, 0.010732205177239391], [0.019873340101537622, 0.07754237495995929, 0.6366878356210427, 0.25668337853883405, 0.009213070778626146], [0.050641387370016604, 0.11955938305721277, 0.7079900037873028, 0.11646598548045449, 0.005343240305013273], [0.015149808156446929, 0.013189312933981777, 0.07290491698674587, 0.8436445932511156, 0.05511136867170964], [0.004698657179747303, 0.010223083147269581, 0.048450666065569595, 0.9038405322581199, 0.032787061349293635], [0.009753709371737238, 0.011639090091855556, 0.051870535066122214, 0.901310159145526, 0.025426506324758985], [0.011725430381478032, 0.015068392835045056, 0.1532490137651702, 0.6751401396453479, 0.1448170233729587], [0.07678432126612214, 0.40035192523114077, 0.374086018734397, 0.13833050685825046, 0.010447227910089755], [0.004777685965598584, 0.008163189001741877, 0.0621835311826613, 0.7648011446299519, 0.16007444922004643], [0.00406728861472293, 0.018766927889107606, 0.11216752655136399, 0.8362246721455644, 0.028773584799241195], [0.0061538813475677, 0.018745538840322373, 0.06462636550139937, 0.5807161409053725, 0.32975807340533775], [0.003734344330705447, 0.013035318142743016, 0.08610289139058858, 0.8066681404458595, 0.0904593056901033], [0.06207280130978471, 0.35204416276419215, 0.5044842534589307, 0.07627787165433, 0.005120910812762524], [0.004227987041996392, 0.009857677815250442, 0.025693374293665014, 0.4654417360193602, 0.4947792248297284]]"
