Classifier,Fold,Repeat,y_val,y_pred,y_prob
SVM,1,1,"[2.0, 4.0, 3.0, 2.0, 4.0, 3.0, 2.0, 5.0, 2.0, 2.0, 2.0, 3.0, 5.0, 4.0, 4.0, 4.0, 3.0, 2.0, 2.0, 5.0, 3.0, 3.0, 4.0, 3.0, 3.0, 4.0, 3.0, 4.0, 3.0, 4.0, 3.0, 4.0, 4.0, 2.0, 3.0, 3.0, 2.0, 2.0, 3.0, 4.0, 2.0, 2.0, 4.0, 4.0, 3.0, 4.0, 2.0, 3.0, 2.0, 2.0, 4.0, 2.0, 3.0, 4.0, 2.0, 4.0, 3.0, 2.0, 2.0, 4.0, 2.0, 2.0, 2.0, 3.0, 2.0, 3.0, 3.0, 2.0, 3.0, 4.0, 2.0, 3.0, 4.0, 2.0, 4.0, 3.0, 1.0, 2.0, 3.0, 3.0, 3.0, 3.0, 4.0, 4.0, 2.0, 2.0, 4.0, 3.0, 2.0, 2.0, 5.0, 3.0, 3.0, 3.0, 3.0, 4.0, 3.0, 3.0, 3.0, 3.0, 4.0, 4.0, 2.0, 3.0, 3.0, 4.0, 2.0, 4.0, 3.0, 3.0, 4.0, 4.0, 2.0, 3.0, 2.0, 3.0, 3.0, 3.0, 3.0, 3.0, 2.0, 3.0, 2.0, 3.0, 4.0, 3.0, 4.0, 2.0, 3.0, 4.0, 1.0, 3.0, 4.0, 3.0, 3.0, 4.0, 3.0, 2.0, 3.0, 3.0, 3.0, 3.0, 4.0]","[2.0, 3.0, 3.0, 2.0, 4.0, 2.0, 2.0, 4.0, 2.0, 1.0, 2.0, 2.0, 4.0, 4.0, 5.0, 3.0, 2.0, 2.0, 2.0, 5.0, 2.0, 2.0, 3.0, 3.0, 2.0, 4.0, 2.0, 4.0, 2.0, 3.0, 4.0, 5.0, 5.0, 2.0, 1.0, 2.0, 2.0, 1.0, 2.0, 4.0, 2.0, 2.0, 4.0, 5.0, 1.0, 4.0, 3.0, 2.0, 2.0, 3.0, 4.0, 2.0, 3.0, 5.0, 2.0, 3.0, 3.0, 2.0, 2.0, 5.0, 2.0, 3.0, 3.0, 3.0, 2.0, 2.0, 3.0, 3.0, 3.0, 1.0, 1.0, 2.0, 4.0, 2.0, 5.0, 2.0, 2.0, 3.0, 1.0, 4.0, 3.0, 1.0, 4.0, 4.0, 2.0, 1.0, 4.0, 3.0, 2.0, 3.0, 5.0, 3.0, 2.0, 2.0, 1.0, 5.0, 2.0, 2.0, 3.0, 2.0, 4.0, 5.0, 2.0, 2.0, 2.0, 4.0, 2.0, 3.0, 3.0, 3.0, 4.0, 5.0, 3.0, 1.0, 3.0, 3.0, 3.0, 3.0, 2.0, 4.0, 3.0, 4.0, 1.0, 2.0, 5.0, 2.0, 4.0, 2.0, 3.0, 4.0, 2.0, 3.0, 4.0, 3.0, 2.0, 5.0, 4.0, 2.0, 2.0, 3.0, 2.0, 1.0, 4.0]","[[0.0066638869286353595, 0.3798799861838129, 0.5815646326040285, 0.028395382722047034, 0.00349611156147632], [0.002971485655666583, 0.12882742338527828, 0.7295662694407882, 0.10776115550849838, 0.030873666009768548], [0.002423798996562946, 0.15572668850961918, 0.7598282816812211, 0.07380448210575712, 0.008216748706839638], [0.005500932888332731, 0.38877927836491, 0.5779061105467067, 0.02425714907603661, 0.003556529124013988], [0.003615455798066246, 0.0201354509294281, 0.14847297934744538, 0.7483592003613418, 0.07941691356371838], [0.006982621930689817, 0.3825509144593434, 0.5790910974653016, 0.027816882303269706, 0.0035584838413955417], [0.011047145371510796, 0.49171170844281425, 0.46629410134893756, 0.02758157471580055, 0.0033654701209367794], [0.004510270587370145, 0.04291070206524704, 0.30992875623377497, 0.5362268748724665, 0.10642339624114146], [0.005070396588049153, 0.33884988466419497, 0.6264486277468738, 0.025637554045105235, 0.003993536955776827], [0.02041178285724375, 0.4818003360780694, 0.46266257376495334, 0.030507050384798996, 0.004618256914934328], [0.005576216720539089, 0.34959204747243555, 0.6049070317246132, 0.03577562675032048, 0.00414907733209134], [0.004865533956228521, 0.34808347026696146, 0.6113786848338792, 0.03245567026097943, 0.003216640681951028], [0.005306598118374724, 0.054227377042779475, 0.26870655124067316, 0.618741086550732, 0.05301838704744048], [0.003391713528091177, 0.01900222923703238, 0.177117703923795, 0.7092057296677298, 0.09128262364335181], [0.006223947835513334, 0.023366544556789735, 0.06373412027225038, 0.6087268531075595, 0.2979485342278869], [0.011160543158831485, 0.10511922020304132, 0.6429004947155453, 0.22319911482965202, 0.01762062709292977], [0.00673232577776004, 0.40010570501423515, 0.5612721263331306, 0.027335838220512092, 0.004554004654362099], [0.011196742445781055, 0.5096503229903053, 0.4516570159398724, 0.023795571509782863, 0.003700347114258296], [0.01256362535263755, 0.3443914461356965, 0.612101267239281, 0.027625787988433487, 0.0033178732839509624], [0.006495476626166077, 0.0281167782106386, 0.0788782750819329, 0.7142576701039793, 0.17225179997728304], [0.013129016901134683, 0.4811863226069994, 0.476791124393303, 0.02465547171992367, 0.004238064378639393], [0.007252377155064185, 0.4371366077414349, 0.47640472569178155, 0.0714575633451529, 0.007748726066566619], [0.0021933729671471734, 0.09085846464624298, 0.6416435688295378, 0.21909219395275978, 0.04621239960431224], [0.0027333621315557533, 0.1565686474926394, 0.7544345111824557, 0.0820797403798983, 0.004183738813450305], [0.006333603351411013, 0.4301433761592562, 0.5247241624203393, 0.03426656598651386, 0.004532292082479511], [0.004248992471748126, 0.04394600891679811, 0.24056846457697145, 0.6751411256631268, 0.036095408371355685], [0.009797511133915696, 0.3693578143769573, 0.5848810609738437, 0.03160828834175467, 0.0043553251735286985], [0.0047167825768377886, 0.018825850872375146, 0.0990705835562944, 0.7313942798985456, 0.1459925030959468], [0.006280880098915782, 0.32723370830730086, 0.6303174985918675, 0.031128705954463633, 0.005039207047452149], [0.002607703756133668, 0.12747420905408935, 0.6706153170759145, 0.1702450959147076, 0.029057674199154813], [0.004359879227587428, 0.024414671746511612, 0.21344380940126903, 0.706088775169585, 0.05169286445504668], [0.004035981711917881, 0.01900354627590288, 0.07808254401897259, 0.7250969736230742, 0.17378095437013255], [0.008349891020137236, 0.03685260742342038, 0.08972999225237989, 0.6691268826827292, 0.19594062662133385], [0.011158609164460754, 0.47276486052344996, 0.4826487601205835, 0.028748030647151254, 0.004679739544354535], [0.024001724100212528, 0.5143975401071508, 0.42911060688111113, 0.028280002288360986, 0.0042101266231642795], [0.005784372943546928, 0.32150714424864946, 0.6164881612042897, 0.05142183229835053, 0.00479848930516339], [0.01598583897145797, 0.5111497269691407, 0.44593253057053417, 0.022878898195577722, 0.004053005293288998], [0.018658651057725156, 0.49286412189884626, 0.4533066664106236, 0.03048749663123275, 0.004683064001571958], [0.014834730954639474, 0.5265044952346029, 0.4311727091875942, 0.024112812073800588, 0.0033752525493626973], [0.006624047438122525, 0.08782003609206561, 0.39419422596135245, 0.4865787287197302, 0.024782961788729213], [0.007853131100218798, 0.4528681467657049, 0.5116388162630774, 0.024509667832633357, 0.003130238038365744], [0.016242492675241145, 0.32239273988982686, 0.6247458048364034, 0.032830773002301035, 0.003788189596227252], [0.0051157808519120135, 0.026471405931105675, 0.10277660079921902, 0.7579302475512587, 0.10770596486650469], [0.005656551016606844, 0.034310091069542685, 0.13938996964400857, 0.6258460161022206, 0.19479737216762147], [0.017185334790651867, 0.5360242891807575, 0.41966726846786084, 0.023275523691284817, 0.003847583869445093], [0.003272861400315999, 0.043071391522102355, 0.3788511552128237, 0.5038541053690481, 0.07095048649571009], [0.012442860146406574, 0.23659855546903136, 0.5352512093653422, 0.20768730447336353, 0.008020070545856382], [0.007088785825180151, 0.4361450032770742, 0.5290715049572521, 0.024591258425720977, 0.0031034475147725758], [0.00809869335244238, 0.530380102999894, 0.4084283874752348, 0.047109561693501986, 0.0059832544789261925], [0.004039842004660138, 0.17745232044100784, 0.7643612824962993, 0.05028682567349445, 0.003859729384538217], [0.007282114183679664, 0.04919879561764794, 0.13242158844124083, 0.6864419305903161, 0.12465557116711572], [0.019013334062089004, 0.5428599633709666, 0.40663195346484615, 0.02684538755677759, 0.0046493615453204505], [0.0029462013526533816, 0.1516711391998337, 0.7922625810493982, 0.049245918923224635, 0.003874159474890031], [0.0027367202543292445, 0.04284700996645606, 0.2836267014847646, 0.5469130095023603, 0.12387655879209013], [0.007330596146365139, 0.38509523385132405, 0.5770084645616406, 0.02694306679419051, 0.0036226386464796576], [0.0027563408971229227, 0.08933749891349935, 0.6763306538183513, 0.21431178789568583, 0.017263718475340875], [0.003968780252796279, 0.14270689391115238, 0.764828291270096, 0.08253298135979464, 0.005963053206160435], [0.014796423260958785, 0.5090609807749427, 0.44233744090249777, 0.02916197959341589, 0.004643175468185004], [0.009739054974045779, 0.5020389900620746, 0.43970328846465434, 0.042728785122019365, 0.005789881377205823], [0.003810079785556753, 0.01726540699348298, 0.06190083586599895, 0.729641475153897, 0.1873822022010645], [0.013868155199497967, 0.523428107176211, 0.436819269234757, 0.022573621439563603, 0.0033108469499702723], [0.004703355076469572, 0.3123878492904327, 0.6488665534321655, 0.0304979688394996, 0.0035442733614325524], [0.003579533926942049, 0.21794925117132902, 0.7448548792924052, 0.030378406070124216, 0.0032379295391995865], [0.005537333810734001, 0.29285821462033274, 0.6668216534593332, 0.030694610955674276, 0.004088187153925537], [0.013954545799142478, 0.5110055601289106, 0.4484655347712874, 0.02309601873396801, 0.0034783405666917555], [0.007875985176752384, 0.45580344409655527, 0.4834443615943517, 0.046731785450641515, 0.006144423681699333], [0.006005511910668539, 0.145029940090426, 0.7621056925602793, 0.08116179402930866, 0.005697061409317336], [0.004391795683638525, 0.2792910857303184, 0.680814928570083, 0.030057489645361354, 0.005444700370598924], [0.009517080887269623, 0.1956538301802296, 0.7457875942709843, 0.04603211704529159, 0.0030093776162246804], [0.03346395866001895, 0.19809523926239142, 0.6726229374899444, 0.09055735044289237, 0.005260514144753195], [0.018440851890890207, 0.5622670341181593, 0.3915578694942791, 0.023692194639932645, 0.004042049856738582], [0.013312839698987331, 0.47568994603971076, 0.4788547475806499, 0.027593257370895696, 0.004549209309756193], [0.01305421401724288, 0.14124090085152421, 0.3468512115773083, 0.4280808773898767, 0.07077279616404818], [0.016993549878059244, 0.538984110396769, 0.4193032875273975, 0.02080973313153837, 0.003909319066235568], [0.003749877915159976, 0.030920420723694983, 0.2170718607179852, 0.6249659231956874, 0.12329191744747264], [0.01252055771934682, 0.45285448456507005, 0.5003897142657434, 0.02969023394106517, 0.004545009508774518], [0.007848475350100914, 0.3102004576243599, 0.5314507211873638, 0.1388971252565244, 0.011603220581650756], [0.002568731420997174, 0.16148529852384572, 0.723815586022086, 0.09964048418891498, 0.012489899844156311], [0.024392868337975344, 0.5315824900546668, 0.41185570251145, 0.02733817862090258, 0.004830760475005153], [0.0038153541649294, 0.027493388639393948, 0.22240249457714015, 0.6174169059933984, 0.12887185662513842], [0.0022301062530328745, 0.16190414422519234, 0.7967419115980675, 0.0339169038729427, 0.005206934050764406], [0.017886720932489938, 0.500762146461229, 0.45467139008124136, 0.023137477471704675, 0.0035422650533350492], [0.0061647078410484585, 0.06465175156526065, 0.3060334106314039, 0.5799124870787371, 0.043237642883549636], [0.003955131252916999, 0.05379112639576621, 0.45255882480463266, 0.4603203997241776, 0.029374517822506774], [0.00561829032853536, 0.3770107911303377, 0.5775315490643396, 0.036292753238259735, 0.003546616238527731], [0.022284160105187512, 0.5437611735629193, 0.4052364891401617, 0.023886706773274032, 0.004831470418457533], [0.005882610371399806, 0.032077802881746, 0.10277380573294276, 0.7581684871719492, 0.10109729384196244], [0.010858110783740391, 0.1789506411062718, 0.7397398106414081, 0.06685629553384845, 0.0035951419347315288], [0.01365336108046034, 0.5336162049150134, 0.41777299291920483, 0.03077317190046473, 0.0041842691848566664], [0.004728260382174242, 0.295762462287755, 0.6726939799105749, 0.023949886791093996, 0.0028654106284018476], [0.00436999378917598, 0.014145507303260862, 0.07225146061929325, 0.6925388838346916, 0.21669415445357848], [0.003918135426280293, 0.248762029343036, 0.7125505317195417, 0.03026575760743231, 0.0045035459037095025], [0.01535804532360964, 0.5181582614643364, 0.4414834771280367, 0.02111422165745651, 0.003885994426560979], [0.014130551055143579, 0.49868972391533656, 0.4594412422420713, 0.023471563670585404, 0.004266919116863066], [0.035679208816377615, 0.06833607729455515, 0.4734362909958026, 0.3821067133325306, 0.04044170956073445], [0.004346676479612796, 0.022952316025806146, 0.10123431321219889, 0.6468416197594553, 0.2246250745229267], [0.011129352434484882, 0.47132396079056116, 0.47567766460418653, 0.036475622772114205, 0.0053933993986531], [0.009414538218449765, 0.375004995927355, 0.575006909431331, 0.036689846812192436, 0.003883709610672163], [0.004248943523220386, 0.11646855618464255, 0.6898549334599352, 0.1786182854627502, 0.010809281369451484], [0.014553984886612024, 0.5267425766185996, 0.4296712298951126, 0.024892741335010987, 0.004139467264664955], [0.0028806841005333955, 0.044644187133160054, 0.34992277433003344, 0.5490085205209486, 0.05354383391532462], [0.005567120847889016, 0.03176148001959907, 0.0855054366148175, 0.6191064794097008, 0.2580594831079937], [0.00607648027482077, 0.4462869320747482, 0.5194691027479756, 0.0246669063880962, 0.0035005785143591545], [0.01112096109200195, 0.4262815576613096, 0.5243007721223465, 0.03442855811727319, 0.0038681510070685487], [0.014054754483550022, 0.44153970773203505, 0.5063514688914809, 0.03337872208538046, 0.004675346807553802], [0.006968626652369228, 0.019883516027979303, 0.10509203055219864, 0.7408442192966442, 0.12721160747080862], [0.010565703137237783, 0.3688078407041491, 0.5566149810707323, 0.05725296028271694, 0.006758514805163749], [0.0076642085733267876, 0.24471265810036325, 0.5590092622400531, 0.17822593043220072, 0.010387940654056047], [0.0032353808176524375, 0.11364512648538772, 0.7480221954754388, 0.12537260606075948, 0.009724691160761698], [0.0037345975825498934, 0.17951042837647857, 0.7725799529718413, 0.0396858704669121, 0.004489150602218282], [0.00426458225054671, 0.021967483565149975, 0.09348877921697318, 0.7339766785060381, 0.14630247646129252], [0.006142574033917468, 0.03181081736206708, 0.08501017342302836, 0.542941454022757, 0.33409498115823016], [0.005022869339890182, 0.25046772064138473, 0.7083798856129038, 0.03186685128428675, 0.004262673121534364], [0.027301288844518115, 0.12881796773690946, 0.6495214639482789, 0.18515978266625668, 0.009199496804037009], [0.00584664238502771, 0.3209241688377264, 0.632241625164427, 0.03710174412902882, 0.003885819483789764], [0.0032024424920440936, 0.15933634808643946, 0.7782955848299847, 0.05416515113811172, 0.005000473453419815], [0.003942523175617378, 0.09527828578203262, 0.6367736646392657, 0.24412847171050392, 0.019877054692580342], [0.004895490372642731, 0.16707845244738934, 0.7584706768640933, 0.06606245926048572, 0.003492921055388942], [0.014546925013725, 0.4338282774345795, 0.5169550372151358, 0.030252502977039752, 0.004417257359519793], [0.002588246364484287, 0.024281859699481233, 0.200859020080311, 0.6932502970786735, 0.07902057677704998], [0.0025563717610998953, 0.1040375100892864, 0.6712470040321318, 0.20004597098861504, 0.02211314312886687], [0.0044893122920762986, 0.06319371904732958, 0.5288946494086, 0.36125263045550116, 0.042169688796493084], [0.02393370044216581, 0.5047070157611284, 0.44054617602805207, 0.025887466407645155, 0.00492564136100876], [0.008355318497107654, 0.4893731766600331, 0.4767295440809497, 0.022281701640094024, 0.0032602591218154793], [0.002871077437882665, 0.029195085621602255, 0.20575296928247655, 0.6228761408744037, 0.13930472678363465], [0.007590683113440586, 0.42249624297377025, 0.5423825717578459, 0.023184445609310177, 0.004346056545633069], [0.00565118739939597, 0.05222355518161974, 0.42698514229811535, 0.48446611842545495, 0.030673996695413912], [0.007106355432238527, 0.3858337097384957, 0.568515285593597, 0.03398499994719063, 0.004559649288478357], [0.008382031945331606, 0.27655769495569404, 0.6846471745819884, 0.027040741626342128, 0.0033723568906436794], [0.01238215979783395, 0.06324884789731006, 0.29521195821563984, 0.5334441611182514, 0.09571287297096466], [0.007848472601867112, 0.3102011110663708, 0.5314503866794648, 0.13889682682000815, 0.011603202832288995], [0.002907256190092765, 0.14416859936029897, 0.6452046335676853, 0.19279101878558233, 0.014928492096341043], [0.005201739193935494, 0.033407323793495196, 0.1610801186618914, 0.7391119009399605, 0.061198917410717056], [0.0028339741054938376, 0.09258776220194552, 0.7333606895590893, 0.15697178785416865, 0.014245786279302312], [0.004753586050653815, 0.3387189422508588, 0.6263360487854305, 0.026145973480855476, 0.004045449432201692], [0.005353541855052627, 0.02885166036586795, 0.0846559892986143, 0.6971455023158513, 0.18399330616461348], [0.00304940636434451, 0.04880574901708391, 0.38249214480719634, 0.4760691038773681, 0.0895835959340074], [0.007547087710913483, 0.36158210141840574, 0.5138258612975668, 0.10717418490564536, 0.009870764667468447], [0.01141019997974466, 0.47352121770553346, 0.4823442432724625, 0.028779088015182194, 0.003945251027077199], [0.0031648227845368195, 0.13257305809431383, 0.7611078738813712, 0.09391882964004512, 0.009235415599733315], [0.007737766807349246, 0.492161070338674, 0.4730401866361789, 0.02397257958079995, 0.003088396636997907], [0.017404871405945106, 0.5747925358444655, 0.3796418367396143, 0.02414369201686273, 0.0040170639931125275], [0.005726770857004894, 0.03602717969565302, 0.13127355896640597, 0.7499511630600234, 0.07702132742091283]]"
SVM,2,1,"[4.0, 4.0, 2.0, 3.0, 3.0, 3.0, 3.0, 2.0, 2.0, 3.0, 4.0, 2.0, 3.0, 2.0, 3.0, 3.0, 2.0, 5.0, 3.0, 3.0, 2.0, 3.0, 3.0, 4.0, 4.0, 3.0, 4.0, 3.0, 3.0, 3.0, 3.0, 3.0, 5.0, 3.0, 3.0, 5.0, 4.0, 3.0, 2.0, 3.0, 1.0, 3.0, 4.0, 4.0, 2.0, 3.0, 2.0, 5.0, 3.0, 2.0, 2.0, 4.0, 3.0, 4.0, 3.0, 2.0, 2.0, 3.0, 3.0, 4.0, 3.0, 3.0, 4.0, 3.0, 4.0, 2.0, 2.0, 3.0, 4.0, 2.0, 3.0, 2.0, 4.0, 2.0, 3.0, 3.0, 4.0, 2.0, 3.0, 2.0, 4.0, 2.0, 2.0, 3.0, 3.0, 2.0, 2.0, 3.0, 2.0, 3.0, 3.0, 4.0, 3.0, 4.0, 3.0, 3.0, 3.0, 3.0, 4.0, 3.0, 3.0, 3.0, 3.0, 2.0, 4.0, 3.0, 2.0, 2.0, 4.0, 3.0, 2.0, 2.0, 2.0, 4.0, 3.0, 3.0, 3.0, 2.0, 3.0, 3.0, 3.0, 3.0, 3.0, 3.0, 3.0, 4.0, 3.0, 4.0, 2.0, 2.0, 3.0, 3.0, 3.0, 3.0, 3.0, 3.0, 3.0, 5.0, 3.0, 3.0, 3.0, 2.0, 3.0, 3.0]","[2.0, 5.0, 2.0, 2.0, 2.0, 4.0, 5.0, 1.0, 1.0, 3.0, 4.0, 2.0, 2.0, 2.0, 4.0, 1.0, 2.0, 5.0, 3.0, 2.0, 2.0, 3.0, 2.0, 4.0, 4.0, 3.0, 4.0, 2.0, 2.0, 2.0, 2.0, 2.0, 5.0, 2.0, 2.0, 5.0, 4.0, 3.0, 4.0, 2.0, 2.0, 5.0, 5.0, 4.0, 2.0, 3.0, 2.0, 5.0, 4.0, 3.0, 2.0, 5.0, 2.0, 4.0, 3.0, 3.0, 2.0, 2.0, 2.0, 5.0, 3.0, 4.0, 4.0, 1.0, 4.0, 3.0, 3.0, 3.0, 3.0, 3.0, 3.0, 2.0, 3.0, 1.0, 3.0, 2.0, 4.0, 2.0, 3.0, 3.0, 5.0, 2.0, 2.0, 3.0, 2.0, 2.0, 2.0, 2.0, 4.0, 2.0, 2.0, 4.0, 1.0, 2.0, 3.0, 3.0, 3.0, 3.0, 4.0, 3.0, 1.0, 2.0, 4.0, 2.0, 5.0, 4.0, 2.0, 3.0, 4.0, 2.0, 3.0, 3.0, 1.0, 4.0, 3.0, 3.0, 2.0, 2.0, 3.0, 4.0, 2.0, 3.0, 4.0, 2.0, 2.0, 5.0, 2.0, 5.0, 3.0, 3.0, 3.0, 2.0, 3.0, 3.0, 2.0, 2.0, 1.0, 5.0, 2.0, 2.0, 2.0, 2.0, 3.0, 3.0]","[[0.02608174161194754, 0.462985381789982, 0.32814032475700483, 0.17372773524060642, 0.009064816600459179], [0.005931676905813233, 0.016217079141520506, 0.06633912008305846, 0.7600952205730266, 0.1514169032965813], [0.01163037267323502, 0.5468475784500374, 0.41734651112459126, 0.02034136807850572, 0.0038341696736307433], [0.010125140547904138, 0.416349592512409, 0.5370418021755002, 0.03188459447747028, 0.004598870286716384], [0.013529186919538796, 0.4196972937092624, 0.5248430592393925, 0.03621228181499779, 0.00571817831680875], [0.005484334722504405, 0.05034338509852502, 0.41379140397600606, 0.4786571250607211, 0.05172375114224347], [0.005403582703610319, 0.026854139775666742, 0.20240993655257355, 0.6454736682064807, 0.1198586727616691], [0.011421714155374723, 0.5679535349916016, 0.39208542608118846, 0.02441741413503381, 0.004121910636801688], [0.011959355559877644, 0.5484904904358546, 0.409871404306814, 0.026098840246297543, 0.003579909451156203], [0.004280212622572421, 0.10598032230085587, 0.6860408314715373, 0.1700948609195926, 0.03360377268544217], [0.011494564223727709, 0.050895157941918366, 0.46826418023319993, 0.43888457967456845, 0.03046151792658576], [0.008969595486608764, 0.3699715700631381, 0.5880857486411982, 0.028108156412706337, 0.004864929396348723], [0.010335290258310481, 0.49673696967620085, 0.4621478760365404, 0.026803198474986075, 0.003976665553962437], [0.012565927908209385, 0.5382582491143767, 0.417572631594764, 0.027907540095584077, 0.0036956512870656875], [0.005154766007863952, 0.036245352731728006, 0.3201990512580299, 0.5700759726538985, 0.06832485734847979], [0.013670790049994328, 0.5264534134323215, 0.42847148893497317, 0.027877314304305963, 0.0035269932784049093], [0.01039227396119477, 0.5051783734764899, 0.45847358020172, 0.022309806534968887, 0.003645965825626456], [0.006397797560326421, 0.012167073843596533, 0.07348101432257799, 0.7504697189371882, 0.15748439533631078], [0.006561974883529958, 0.23493564833046737, 0.7276959816177305, 0.02716238775057849, 0.0036440074176941023], [0.011483537802443721, 0.45733494946725906, 0.49073588047958905, 0.03580022266117188, 0.004645409589536382], [0.010642353617457372, 0.4948126244234288, 0.46777590566096494, 0.022421809854619116, 0.004347306443529711], [0.012187566376166543, 0.2641321244733571, 0.6574008407475237, 0.06115590426479793, 0.005123564138154915], [0.010473699761212955, 0.4545045363791533, 0.5102967208661613, 0.020590329841034642, 0.004134713152438114], [0.005415024172767264, 0.022848647913466757, 0.1697593688073479, 0.711686424177265, 0.09029053492915325], [0.0074080824105212575, 0.021706736952042612, 0.10493422946857377, 0.77815901851434, 0.08779193265452233], [0.005127726403801038, 0.15272976745754235, 0.7776268045910684, 0.0584366874857946, 0.006079014061793806], [0.008364643353123624, 0.025553785540450267, 0.08623029889499043, 0.7532257712396653, 0.12662550097177078], [0.007230023822505866, 0.32085518408557706, 0.6365669930684311, 0.031037156466573432, 0.004310642556912941], [0.013506470990862138, 0.581771362377235, 0.37689691130711334, 0.02444598375186192, 0.003379271572927161], [0.007578617172912951, 0.33804524045114315, 0.6255410176492212, 0.024186559488965458, 0.004648565237757227], [0.011526290964232341, 0.45514918690094475, 0.5015303384667996, 0.028057256342002186, 0.003736927326020973], [0.01328629018347674, 0.5396601252824687, 0.4172295488696721, 0.02605308041997788, 0.0037709552444044237], [0.005578888481586145, 0.01818651886679318, 0.06909829628536819, 0.7416985913570271, 0.16543770500922544], [0.021857220138053267, 0.46072016516199954, 0.29841419386804835, 0.2067078115096179, 0.012300609322281011], [0.01883572180956319, 0.541863434139826, 0.4061062233609808, 0.028378345159331853, 0.004816275530297901], [0.007592521716071961, 0.021372448829319542, 0.07144062687506147, 0.6979542057358962, 0.20164019684365114], [0.006604666589041263, 0.04029922174077144, 0.3225115973711989, 0.5829461689268848, 0.047638345372103215], [0.0051917766853464805, 0.1643311991606696, 0.7849123236432013, 0.0370630671910576, 0.008501633319725557], [0.011836951648601086, 0.052631202295277194, 0.2249062582297661, 0.6074206187392491, 0.10320496908710693], [0.007967397520554727, 0.3467850788419355, 0.6193958232440725, 0.02234303511542662, 0.0035086652780106525], [0.013682735248704529, 0.5393232488106486, 0.42151081824437436, 0.02220262278530941, 0.003280574910963177], [0.004070385364276992, 0.04813404783659951, 0.37908778455847225, 0.47710682345485367, 0.09160095878579765], [0.006431578220471439, 0.020513446245466627, 0.07265575535374852, 0.7582302103306662, 0.14216900984964717], [0.005170731125894578, 0.019771368717357553, 0.1208894470420386, 0.7336581980300326, 0.12051025508467636], [0.011015469469168078, 0.45026919728501474, 0.5069456132729002, 0.027478962619607583, 0.00429075735330945], [0.010975837648960662, 0.19914599824837645, 0.6987487953175157, 0.08447141919304699, 0.006657949592100727], [0.012034012718967554, 0.550945430744273, 0.4087651012883777, 0.02500095801442286, 0.003254497233958563], [0.013881759692428117, 0.04872010508918716, 0.12863560932994308, 0.6120750361848472, 0.19668748970359437], [0.011915313230802587, 0.039929372893253635, 0.37620201425174987, 0.5146764283514148, 0.05727687127277897], [0.012810102640328447, 0.21854201856451633, 0.661339549928553, 0.09885355569219388, 0.008454773174408604], [0.01398711707181343, 0.4551583950693378, 0.4263767247805828, 0.09476019682057411, 0.009717566257691813], [0.005420315061470578, 0.01431318087259504, 0.06680193432695797, 0.7760384275283303, 0.13742614221064642], [0.009587568177957197, 0.38662393511705306, 0.5656882119952492, 0.032239775066342805, 0.005860509643397478], [0.007461554541398242, 0.0184121261333155, 0.0738069475607441, 0.7874125156451727, 0.11290685611936968], [0.005892613266245816, 0.1791061474200764, 0.7401802132468266, 0.06452838662998985, 0.010292639436861572], [0.00536435549636679, 0.15823440637113348, 0.7986848514279007, 0.03422424503414832, 0.0034921416704507013], [0.015342422499546945, 0.5276767850348686, 0.427067505642847, 0.025981017197086637, 0.003932269625651148], [0.011232732421873344, 0.4173027566706121, 0.5250748236312419, 0.04035863781849572, 0.006031049457777043], [0.010146594845918634, 0.5270917258568051, 0.43301022340024076, 0.025531873345256334, 0.004219582551779288], [0.007969483809604577, 0.027691844734942805, 0.07915574741288654, 0.7309937476137145, 0.15418917642885166], [0.015370146897139817, 0.195042208098571, 0.7043877576385051, 0.08035273151998364, 0.004847155845800622], [0.007193509407969411, 0.048766168360915164, 0.4748290608196421, 0.41022490074919976, 0.05898636066227371], [0.006905682335821484, 0.016744388838141024, 0.12296590847346335, 0.7613049712593806, 0.09207904909319384], [0.02639143592868402, 0.20838952028231775, 0.5916164565765328, 0.1602807259457877, 0.013321861266677905], [0.006983536646524061, 0.02124695977712221, 0.1063446062272976, 0.7698848519607484, 0.09554004538830756], [0.006708735772630334, 0.26783102171850215, 0.6971752919627515, 0.02438865969753151, 0.0038962908485844355], [0.0040699787142897325, 0.10306601323956537, 0.7854969711833706, 0.08891775632097892, 0.018449280541795354], [0.005226313064799843, 0.08579259691381551, 0.7517297150305488, 0.14347203311563417, 0.013779341875201469], [0.004994655896488553, 0.08099902750215171, 0.7660395270805502, 0.13608483435201654, 0.011881955168793265], [0.006572151436574597, 0.2633501264878226, 0.7047628551003027, 0.021069887687445582, 0.0042449792878543925], [0.0068682290797087335, 0.21341170803971413, 0.7341519304199138, 0.041181977835253236, 0.00438615462541023], [0.015130011274231931, 0.5190231288310406, 0.4344917616892055, 0.02725531432081581, 0.004099783884706283], [0.008263954000448563, 0.11047052426794811, 0.706580760915886, 0.16405646287265588, 0.010628297943061462], [0.028721698809327418, 0.3042839749435945, 0.5740224479083383, 0.08708560691869481, 0.005886271420045103], [0.006445782180181822, 0.2419237641675445, 0.7224530173517565, 0.024971401713202855, 0.004206034587314687], [0.014608640039120154, 0.5211019198074782, 0.4248087196125613, 0.0351558995712557, 0.004324820969584665], [0.010377864297651435, 0.04520147656858698, 0.11629003919044614, 0.7154224217766469, 0.1127081981666682], [0.014113120151546255, 0.5272761003449469, 0.41968164480517384, 0.033485663825030945, 0.005443470873301987], [0.01438222037296825, 0.14627736746693304, 0.6387559965869068, 0.18512774335100893, 0.015456672222182739], [0.00703920389080734, 0.22713710533941303, 0.7159244421103206, 0.04635429488193979, 0.0035449537775190877], [0.004914285540468759, 0.02723174243813617, 0.24761135647320656, 0.6154489689249246, 0.10479364662326393], [0.01602792535687329, 0.5293446516383008, 0.4185481646909129, 0.031543343539948525, 0.00453591477396435], [0.014552641960751758, 0.47872396681199936, 0.4759054560095532, 0.027177516278755517, 0.003640418938940156], [0.004564742572898781, 0.07607130350370458, 0.7026141664385964, 0.19499144350943604, 0.021758343975364306], [0.011311652832984645, 0.5370199319195803, 0.4233786113415793, 0.024488308651554495, 0.003801495254301116], [0.009271380346406559, 0.41802563403000725, 0.5414005753794982, 0.026275095367914527, 0.005027314876173383], [0.012715761197549243, 0.6114493074282028, 0.34714552349997096, 0.02485699578458562, 0.00383241208969135], [0.016521862201549855, 0.4794304427669081, 0.47226011318118605, 0.027270867353245874, 0.00451671449711043], [0.005682348196813224, 0.03671659112329586, 0.28438759039419353, 0.5972026070443871, 0.0760108632413105], [0.013845996583363135, 0.5787881792275195, 0.37245690473700477, 0.03084565589683518, 0.004063263555277509], [0.013580224924567048, 0.5219559607008154, 0.4228882592994108, 0.0372025427495127, 0.004373012325694281], [0.007218839130566972, 0.036368819052221515, 0.3048307777728008, 0.5672187449177495, 0.08436281912666121], [0.0218613122774548, 0.12443809833302037, 0.549265282095, 0.2714955425340721, 0.03293976476045281], [0.01037358796769694, 0.35378051447960246, 0.5869989841108771, 0.04301564303507235, 0.005831270406751125], [0.006749214958047336, 0.26485110191493083, 0.6923326230044967, 0.030398316294589132, 0.005668743827936113], [0.0047461059909459525, 0.1331026298464506, 0.7893815607052775, 0.06768064325441192, 0.005089060202914001], [0.004478907479045066, 0.12198177273244776, 0.792570875741767, 0.07292639408069242, 0.008042049966047855], [0.01249621843137051, 0.10531856251171898, 0.6725117499553014, 0.1945842120913711, 0.015089257010238024], [0.007094349292130434, 0.016877428792582246, 0.09997812302594693, 0.785100569476356, 0.09094952941298393], [0.008218451744684054, 0.07825468884679722, 0.6787913166711641, 0.21623600049796857, 0.018499542239386057], [0.024358182534589146, 0.12386738663480433, 0.6533091944777243, 0.18644165820823844, 0.012023578144643913], [0.010462351210686798, 0.4607486734071156, 0.49518547874267194, 0.029134441571242353, 0.004469055068283055], [0.009559660344269017, 0.022551743678686207, 0.2152063854959486, 0.6557008338315233, 0.09698137664957271], [0.014800147689602337, 0.5677630362538856, 0.38857706311043516, 0.025266972200661982, 0.003592780745414675], [0.0074886287746223175, 0.022904552151690582, 0.06403079116352631, 0.7372599649643208, 0.1683160629458397], [0.014943020039876846, 0.04206012184306251, 0.287747918607091, 0.5953265860327961, 0.05992235347717379], [0.01001835915254899, 0.46580067276762055, 0.49635145051439367, 0.023799791391913145, 0.00402972617352394], [0.004545728927449361, 0.13793734159608873, 0.7717657603821566, 0.07696049789925871, 0.00879067119504668], [0.006284908064905465, 0.04134107403046141, 0.3589463324659734, 0.5199087584434411, 0.07351892699521906], [0.014501005472010525, 0.5327177123110637, 0.42444841977791853, 0.02500150644808485, 0.0033313559909227287], [0.005978576946767261, 0.1695323474147182, 0.7635956966150794, 0.05616269248163275, 0.004730686541802605], [0.00590869529297158, 0.2033274690349167, 0.7572964844080949, 0.02783184326630012, 0.0056355079977164855], [0.014624948012488965, 0.49604076815440773, 0.4520169264005101, 0.033161310803532316, 0.00415604662906095], [0.00989480450077248, 0.048052909227172515, 0.1757933071288664, 0.7096786351318398, 0.05658034401134909], [0.01059045269074019, 0.2128368210745275, 0.7340209089366578, 0.03945367164526229, 0.0030981456528122978], [0.006038706291831996, 0.21565848841129287, 0.7351184151183049, 0.03655743948908574, 0.006626950689484664], [0.013498233611499984, 0.5968752518535702, 0.35845465128777004, 0.0277209179214703, 0.0034509453256896683], [0.012304567602360829, 0.48215534095950285, 0.46737194265480314, 0.033775717645569685, 0.004392431137763764], [0.007564437979461955, 0.17062315210172216, 0.7278266237116658, 0.08775706061635434, 0.006228725590795755], [0.006095288751168206, 0.019189379174526268, 0.14683088214486864, 0.741594336422871, 0.08629011350656592], [0.008953353661022383, 0.45592411139053873, 0.5065734355196047, 0.02477674602620989, 0.0037723534026242204], [0.008191987066306305, 0.23807208335717409, 0.705573117132056, 0.04504138677381876, 0.003121425670644885], [0.007829496968645308, 0.020835272550887782, 0.16018961464456505, 0.7229272716181592, 0.08821834421774258], [0.007674621222738802, 0.34899549213401576, 0.6147651499768815, 0.02440416647489535, 0.004160570191468377], [0.015364206032049356, 0.5339165168620357, 0.42438279018277064, 0.02277011965146344, 0.0035663672716806723], [0.010184052762667165, 0.04300583124011925, 0.25688776960555565, 0.5751536487890989, 0.11476869760255899], [0.015732034732770385, 0.519093787489057, 0.4359021337358323, 0.02547179477516874, 0.0038002492671718084], [0.00424216802459363, 0.028122324624208543, 0.23313882333038474, 0.6153436263965141, 0.1191530576242992], [0.00770942532397872, 0.17051788122587686, 0.7689273773799328, 0.04945455381129413, 0.003390762258917489], [0.007302252589709745, 0.2849087489416634, 0.6713998992020858, 0.03184268542365032, 0.004546413842890644], [0.006871817777690054, 0.2772671772174195, 0.6862541027275764, 0.02556679125481691, 0.004040111022497589], [0.008133080854315479, 0.34967093163614926, 0.6155567465534676, 0.022709704450953872, 0.003929536505113562], [0.005585080312906895, 0.19163229356309935, 0.7631413038347438, 0.03373571442213451, 0.005905607867115737], [0.005880148495474104, 0.17466655046421226, 0.7609708276448863, 0.05256512092572035, 0.005917352469706878], [0.011640347930423353, 0.45967340079855584, 0.49861997632324806, 0.026277270750307058, 0.0037890041974657806], [0.015299735825518133, 0.5425562571027166, 0.41412640149811364, 0.024436337181251894, 0.0035812683923997705], [0.013689599743302415, 0.5367750486315399, 0.4209402592849453, 0.025292194635755383, 0.0033028977044568517], [0.005142178805088001, 0.02552258366751896, 0.1465577054315125, 0.683641497847941, 0.1391360342479399], [0.015277092366408963, 0.5276174484153545, 0.41271949859881346, 0.03943603406644037, 0.004949926552982707], [0.014118305407459735, 0.5795010173723671, 0.37846540336975343, 0.024663789811990838, 0.003251484038428862], [0.008659181664124023, 0.3600951839346792, 0.5921132801810371, 0.03391358965403027, 0.005218764566129115], [0.017671059407935105, 0.5301755438645152, 0.4247414005867894, 0.023378466420246692, 0.004033529720513659], [0.003981462138190039, 0.08746579781094521, 0.7234533600633273, 0.15868119944361012, 0.026418180543927444], [0.006571690699371459, 0.24047960845898123, 0.7265458119488788, 0.023354815046249196, 0.003048073846519546]]"
